iDigBio_uuid	Image	Species	Latitude	Longitude	Year	DOY	Elevation	AnnualMonthlyAverageTemp	SpringMonthlyAverageTemp	FirstQuarterMonthlyAverageTemp
00094e79-d620-4792-b46b-542d9ff36fc4	Mertensia_virginica_00094e79-d620-4792-b46b-542d9ff36fc4.jpg	Mertensia_virginica	39.9301	-76.379406	1893.28767123288	106	86.27	10.3172443381821	9.35824914773305	-1.44578436017036
00679136-de05-4ff3-b497-c89c89e71b5c	Mertensia_virginica_00679136-de05-4ff3-b497-c89c89e71b5c.jpg	Mertensia_virginica	36.541782	-78.963991	1974.23835616438	88	107.44	14.5053847959886	14.7132383907835	8.29799890518188
0084f790-3632-4e31-87ba-2ca269a4dabd	Mertensia_virginica_0084f790-3632-4e31-87ba-2ca269a4dabd.jpg	Mertensia_virginica	40.024418	-80.202641	1908.30601092896	113	287.73	10.8428934601446	11.1913491686185	0.80183349053065
012410d3-32c3-41ad-bd19-3459d733be02	Mertensia_virginica_012410d3-32c3-41ad-bd19-3459d733be02.jpg	Mertensia_virginica	43.803711	-92.029358	1977.34794520548	128	338.43	7.16670480805139	10.9504679838816	-6.49256801605225
015eb019-7c8c-4a10-b114-0179e689f1b1	Mertensia_virginica_015eb019-7c8c-4a10-b114-0179e689f1b1.jpg	Mertensia_virginica	39.783333	-75.65	2010.26849315068	99	79.1	12.9469685032964	13.4537224769592	2.47477279106776
01949e53-83fd-44da-96a9-bc4475793f8d	Mertensia_virginica_01949e53-83fd-44da-96a9-bc4475793f8d.jpg	Mertensia_virginica	38.587133	-87.629703	2021.2904109589	107	124.78	14.1729541799674	13.874568661054	3.09889433781306
0218e353-b031-48b1-b696-f86d33ffca4b	Mertensia_virginica_0218e353-b031-48b1-b696-f86d33ffca4b.jpg	Mertensia_virginica	39.407786	-76.371617	1951.28493150685	105	1.56	12.7121817798664	11.632811067005	3.32539194077253
026e0cc7-c1d9-4357-8dac-b7701486c540	Mertensia_virginica_026e0cc7-c1d9-4357-8dac-b7701486c540.jpg	Mertensia_virginica	36.587886	-78.898128	1975.23835616438	88	100.75	14.5901308183869	13.099734266599	6.34799957275391
02f55a9e-02fd-46cf-8a10-b7f492e39e0d	Mertensia_virginica_02f55a9e-02fd-46cf-8a10-b7f492e39e0d.jpg	Mertensia_virginica	40.675778	-80.402944	1930.33424657534	123	287.2	10.5938739984607	9.72144617636999	1.20940331617991
04418316-ab64-4512-bd4b-8575c90c0e18	Mertensia_virginica_04418316-ab64-4512-bd4b-8575c90c0e18.jpg	Mertensia_virginica	40.011465	-78.411196	1942.35342465753	130	313.44	9.72873379910986	10.4939492146174	-0.799244110782941
0482d319-0897-4741-bdb0-78e1facf6f95	Mertensia_virginica_0482d319-0897-4741-bdb0-78e1facf6f95.jpg	Mertensia_virginica	40.265368	-76.708303	1911.34794520548	128	117.29	11.0605179381867	9.93662210305532	0.562533656756083
04ac57b6-56ab-4d47-913f-dbd5efb93fba	Mertensia_virginica_04ac57b6-56ab-4d47-913f-dbd5efb93fba.jpg	Mertensia_virginica	39.882444	-80.43423	1983.34520547945	127	296.35	10.7531246989965	9.43087673187256	2.13435910145442
04b83c29-33c4-4a9f-adbc-f48c4efe2659	Mertensia_virginica_04b83c29-33c4-4a9f-adbc-f48c4efe2659.jpg	Mertensia_virginica	40.24311	-79.82736	2010.30684931507	113	288.35	11.8175039415558	12.7164018948873	0.818578660488129
04e3122a-5565-4f2e-bed8-8c5e70932824	Mertensia_virginica_04e3122a-5565-4f2e-bed8-8c5e70932824.jpg	Mertensia_virginica	40.0085	-78.43789	1950.34246575342	126	317.02	9.18453003714482	7.33420949180921	0.746582845846812
04e75551-25bf-45a0-9890-7995536448da	Mertensia_virginica_04e75551-25bf-45a0-9890-7995536448da.jpg	Mertensia_virginica	39.872427	-88.169857	1969.31780821918	117	194.63	10.5214191271613	10.1774946848551	-0.990829706192017
056a5cc5-47ec-4a34-8a8a-3a2281f9b67d	Mertensia_virginica_056a5cc5-47ec-4a34-8a8a-3a2281f9b67d.jpg	Mertensia_virginica	39.342473	-77.396262	1971.27123287671	100	123.16	12.3669678394993	10.3364096482595	1.38143135110537
05814a35-d34e-4e01-aa5f-e138a7189a30	Mertensia_virginica_05814a35-d34e-4e01-aa5f-e138a7189a30.jpg	Mertensia_virginica	40.543671	-80.300447	1934.35068493151	129	253.44	10.3536814659213	9.08914794524511	-2.29273613293966
05de9d1d-e086-4554-b857-26a89d82b00b	Mertensia_virginica_05de9d1d-e086-4554-b857-26a89d82b00b.jpg	Mertensia_virginica	39.602385	-76.134896	1990.30136986301	111	83.65	13.3677845001221	11.7750360469023	5.38191282749176
066c83af-872d-455d-95cd-830e0133d002	Mertensia_virginica_066c83af-872d-455d-95cd-830e0133d002.jpg	Mertensia_virginica	39.888069	-87.198719	2021.31232876712	115	158.65	12.6572416921457	12.2218515475591	1.04149687290192
0807adaf-b864-403d-8cf7-dc74b5e10baa	Mertensia_virginica_0807adaf-b864-403d-8cf7-dc74b5e10baa.jpg	Mertensia_virginica	38.946569	-86.552058	1960.31147540984	115	177.03	11.5583517923951	9.3432119290034	-0.38246738910675
083d2ec1-e298-44c7-8708-6379299b92db	Mertensia_virginica_083d2ec1-e298-44c7-8708-6379299b92db.jpg	Mertensia_virginica	41.331676	-80.472014	1958.31506849315	116	324.62	8.13764172916611	7.93988205989202	-2.9127884109815
0854eeca-dad1-4466-b92f-fb57aa1c4bb8	Mertensia_virginica_0854eeca-dad1-4466-b92f-fb57aa1c4bb8.jpg	Mertensia_virginica	39.430348	-86.403741	1982.29863013699	110	205.05	11.451774460574	11.5380833943685	-0.533389588197072
08d350b6-e0c9-4e6a-bc0c-a7008364168c	Mertensia_virginica_08d350b6-e0c9-4e6a-bc0c-a7008364168c.jpg	Mertensia_virginica	43.8844452	-92.4011078	1985.29863013699	110	348.23	6.01544042304158	9.55975993474325	-6.51935863494873
096650ea-6967-410b-8308-1535922e0988	Mertensia_virginica_096650ea-6967-410b-8308-1535922e0988.jpg	Mertensia_virginica	39.288971	-86.774265	1950.34520547945	127	167.97	10.6916915501157	9.82307064533234	2.15324657162031
0a410bc4-16ac-4644-a640-e44215571ef4	Mertensia_virginica_0a410bc4-16ac-4644-a640-e44215571ef4.jpg	Mertensia_virginica	38.8951333	-76.6760722	1992.27595628415	102	2.45	12.8586074262857	11.5469861924648	4.32363623380661
0ba87508-6add-44f8-a9d3-46785b0cd22a	Mertensia_virginica_0ba87508-6add-44f8-a9d3-46785b0cd22a.jpg	Mertensia_virginica	39.11762	-77.029784	1967.29863013699	110	116.82	11.7730852427582	10.7055102189382	2.82857119540373
0c47ffd9-797a-4b61-a473-2797be585ebc	Mertensia_virginica_0c47ffd9-797a-4b61-a473-2797be585ebc.jpg	Mertensia_virginica	39.0149806	-77.1000889	1974.28767123288	106	70.61	12.695893558984	12.4134049216906	4.19455654422442
0c589582-1e96-4859-98e5-3433d9fcec4f	Mertensia_virginica_0c589582-1e96-4859-98e5-3433d9fcec4f.jpg	Mertensia_virginica	41.702098	-91.585025	1939.36164383562	133	239.67	10.5527034824093	10.0278523763021	-1.29817207654317
0d97a6e3-3e9f-4d9c-98a5-4377b7851822	Mertensia_virginica_0d97a6e3-3e9f-4d9c-98a5-4377b7851822.jpg	Mertensia_virginica	41.325607	-80.1964	1900.36438356164	134	373.71	9.13778665661812	6.78367102146149	-3.19767892360687
0de2a55c-197c-4c43-bfa8-99e4e3851692	Mertensia_virginica_0de2a55c-197c-4c43-bfa8-99e4e3851692.jpg	Mertensia_virginica	38.417153	-84.854953	2010.27397260274	101	152.7	13.2900866170724	14.3351736068726	1.6841580470403
0f0c89ee-3f9b-4c87-a581-05c72af3d993	Mertensia_virginica_0f0c89ee-3f9b-4c87-a581-05c72af3d993.jpg	Mertensia_virginica	39.285333	-77.73125	2017.27123287671	100	144.23	13.5641573785494	12.6588152547677	5.12273859977722
0f4ea571-d75d-40ce-a7f3-d806cfb2a58f	Mertensia_virginica_0f4ea571-d75d-40ce-a7f3-d806cfb2a58f.jpg	Mertensia_virginica	39.932568	-76.384556	1889.29315068493	108	57.59	11.3396216159066	11.1780404945215	1.27496017018954
0fae225f-6560-4f25-8738-3bbe30610630	Mertensia_virginica_0fae225f-6560-4f25-8738-3bbe30610630.jpg	Mertensia_virginica	39.78794	-75.640897	1892.36338797814	134	42.19	10.9263817792137	9.06890865166982	0.22518257300059
10249422-8e60-4d59-9782-d8acf4ee9178	Mertensia_virginica_10249422-8e60-4d59-9782-d8acf4ee9178.jpg	Mertensia_virginica	44.48735	-73.23124	1909.39726027397	146	29.57	6.20696467968325	4.3136005004247	-5.43392294645309
119e02b7-2bb8-4bbd-b8ed-3c963728f3b7	Mertensia_virginica_119e02b7-2bb8-4bbd-b8ed-3c963728f3b7.jpg	Mertensia_virginica	39.058064	-76.733873	1970.33150684932	122	23.51	12.893814990297	11.7117002805074	1.16611241300901
11cdc3c0-d12b-4a60-a598-01dd67292021	Mertensia_virginica_11cdc3c0-d12b-4a60-a598-01dd67292021.jpg	Mertensia_virginica	40.22226	-87.335289	1917.30410958904	112	167.66	9.41234733288487	9.40473332007726	-0.340258916219076
12bd4f05-98eb-4196-88cc-4b74454f1149	Mertensia_virginica_12bd4f05-98eb-4196-88cc-4b74454f1149.jpg	Mertensia_virginica	41.098348	-80.067065	1909.4	147	368.5	9.08039941514532	7.58811823527018	0.088151494661967
131ac108-1212-4e7c-a79d-d8d328404c26	Mertensia_virginica_131ac108-1212-4e7c-a79d-d8d328404c26.jpg	Mertensia_virginica	36.471654	-79.787069	1966.26575342466	98	154.4	13.6220187911143	13.1994505599141	4.76399104545514
13830d98-9ce4-4527-9541-04a5c0d3f16b	Mertensia_virginica_13830d98-9ce4-4527-9541-04a5c0d3f16b.jpg	Mertensia_virginica	38.744717	-85.322485	1934.34520547945	127	212.53	13.0821550805122	12.290576800704	1.59128149350484
14d71860-12b7-4c8d-85d6-de07cbfbe040	Mertensia_virginica_14d71860-12b7-4c8d-85d6-de07cbfbe040.jpg	Mertensia_virginica	39.963303	-80.460251	1985.34794520548	128	277.74	10.6901983196537	11.6031181414922	-0.293381750583649
15220c17-4f91-416d-968f-bd4c7c9ba1ef	Mertensia_virginica_15220c17-4f91-416d-968f-bd4c7c9ba1ef.jpg	Mertensia_virginica	40.499433	-80.359394	1933.32602739726	120	260.29	11.0246006310917	9.95707279443741	1.57932170232137
161d8459-b943-41d9-9d2d-b4d4f2b004a7	Mertensia_virginica_161d8459-b943-41d9-9d2d-b4d4f2b004a7.jpg	Mertensia_virginica	39.414874	-76.407329	1907.35890410959	132	8.69	11.2836432183782	10.0941137075424	2.07211309671402
17ada995-eedf-4384-a02b-1eed2961b0aa	Mertensia_virginica_17ada995-eedf-4384-a02b-1eed2961b0aa.jpg	Mertensia_virginica	40.011465	-78.411196	1938.33150684932	122	313.44	10.1875226646662	9.76946864525477	1.3357270359993
17c8d405-c2d8-4a90-b824-32d6b6cb38ba	Mertensia_virginica_17c8d405-c2d8-4a90-b824-32d6b6cb38ba.jpg	Mertensia_virginica	39.960101	-80.487377	1984.32786885246	121	264.87	10.6189840262135	8.13724664847056	0.0782360831896464
17e17030-3ad3-4c96-a152-967725f3a679	Mertensia_virginica_17e17030-3ad3-4c96-a152-967725f3a679.jpg	Mertensia_virginica	40.204962	-79.92101	1949.26849315068	99	235.97	12.3324263567726	10.406589915355	4.17916254202525
180702d0-508d-43bf-b1f7-bf5f50c2aa59	Mertensia_virginica_180702d0-508d-43bf-b1f7-bf5f50c2aa59.jpg	Mertensia_virginica	40.340791	-74.94401	1954.31232876712	115	14.72	11.5173642411828	10.2916726370653	2.08433271447817
197e9fe0-78ce-40da-8952-16eb76ef6799	Mertensia_virginica_197e9fe0-78ce-40da-8952-16eb76ef6799.jpg	Mertensia_virginica	39.979117	-80.395844	1941.32876712329	121	310.85	10.6649017011126	9.2348273396492	-1.64309936761856
1a243d1d-c18d-4059-b187-b74db604422d	Mertensia_virginica_1a243d1d-c18d-4059-b187-b74db604422d.jpg	Mertensia_virginica	39.871678	-75.595652	1931.33150684932	122	48.39	12.6798798379799	10.1610084672769	1.76895093917847
1aa9a6af-6efd-4580-b9ce-cf29202c5c6f	Mertensia_virginica_1aa9a6af-6efd-4580-b9ce-cf29202c5c6f.jpg	Mertensia_virginica	40.4005555556	-79.475	1993.32602739726	120	294.59	10.26938018001	9.25219206511974	-0.0562833150227865
1abc8218-dcf1-4d54-9d18-4e8ca85605ba	Mertensia_virginica_1abc8218-dcf1-4d54-9d18-4e8ca85605ba.jpg	Mertensia_virginica	41.841304	-79.14362	1893.35342465753	130	357.39	6.32158968038857	5.23300810903311	-5.71566625187794
1acfa33d-280f-4201-a5ee-2f7fbe412436	Mertensia_virginica_1acfa33d-280f-4201-a5ee-2f7fbe412436.jpg	Mertensia_virginica	39.446092	-77.414816	1977.27123287671	100	100.67	12.3288959935308	13.7125415802002	1.51990154385567
1b682e40-f560-4bc9-b14a-8c22d4968612	Mertensia_virginica_1b682e40-f560-4bc9-b14a-8c22d4968612.jpg	Mertensia_virginica	36.475199	-79.778749	1972.2650273224	98	153.5	13.9996931105852	13.5015631417433	6.25312786300977
1c428c55-9ae8-40dd-95f6-1757c3c6880f	Mertensia_virginica_1c428c55-9ae8-40dd-95f6-1757c3c6880f.jpg	Mertensia_virginica	39.781492	-76.293013	1992.34153005464	126	35.26	11.1000974327326	9.85167517264684	2.0842460890611
1d42f78e-60ad-403c-8961-cb97f525e204	Mertensia_virginica_1d42f78e-60ad-403c-8961-cb97f525e204.jpg	Mertensia_virginica	40.581942	-78.041839	1985.30136986301	111	211.71	9.57244266445438	10.1283049186071	-1.39139639337858
1d84af5e-3446-4ff8-ba89-e5717b495276	Mertensia_virginica_1d84af5e-3446-4ff8-ba89-e5717b495276.jpg	Mertensia_virginica	39.317201	-77.409335	1986.25205479452	93	71.97	12.5575643628836	12.4159318308036	2.27747306227684
1e683693-00c5-4e96-a02d-e0adc210625a	Mertensia_virginica_1e683693-00c5-4e96-a02d-e0adc210625a.jpg	Mertensia_virginica	39.131167	-90.626295	1978.29589041096	109	170.88	11.1534801311791	10.7007417778174	-3.58298581838608
1f49329c-28a0-408e-a696-8dca467219fb	Mertensia_virginica_1f49329c-28a0-408e-a696-8dca467219fb.jpg	Mertensia_virginica	40.416702	-86.875287	1902.31232876712	115	213.72	10.2000380257765	11.0166635513306	-1.67469437917074
1f8e6d7b-a83e-41a1-a3b6-03f311898c57	Mertensia_virginica_1f8e6d7b-a83e-41a1-a3b6-03f311898c57.jpg	Mertensia_virginica	40.047446	-76.53259	1943.31506849315	116	76.56	11.2568437146644	9.80055886507034	1.334793339173
1f9ada0a-7a45-4f3a-8863-ce5e35d9d474	Mertensia_virginica_1f9ada0a-7a45-4f3a-8863-ce5e35d9d474.jpg	Mertensia_virginica	39.9086	-80.08729	2018.3095890411	114	277.93	11.7670733680328	10.3202381928762	1.26255458593369
1faa8e34-513a-425b-b755-def7f164805b	Mertensia_virginica_1faa8e34-513a-425b-b755-def7f164805b.jpg	Mertensia_virginica	40.373011	-77.603749	1954.62739726027	230	184.48	10.4560214933008	9.5078543946147	0.696975809832414
1fcb1d58-a798-43c8-971c-313380736c8f	Mertensia_virginica_1fcb1d58-a798-43c8-971c-313380736c8f.jpg	Mertensia_virginica	43.060567	-88.106479	2009.35068493151	129	252.93	7.7802037447691	7.79792856176694	-4.38028826316198
201f7ca0-0bce-42e4-9700-8fee899b1858	Mertensia_virginica_201f7ca0-0bce-42e4-9700-8fee899b1858.jpg	Mertensia_virginica	37.582061	-79.381077	1979.29589041096	109	188.8	12.0236691931883	12.5481044550737	2.08839517831802
20901376-4546-47c6-a678-c6715681d937	Mertensia_virginica_20901376-4546-47c6-a678-c6715681d937.jpg	Mertensia_virginica	39.919349	-87.423004	1978.35342465753	130	168.49	10.5100960272054	9.5441706130902	-4.20460341374079
21e038b1-77ee-4773-a659-89eddc04517a	Mertensia_virginica_21e038b1-77ee-4773-a659-89eddc04517a.jpg	Mertensia_virginica	40.658088	-80.094007	1915.42465753425	156	323.6	9.93361398205161	8.48088081677755	-0.543622732162476
223374cf-6675-4a21-89bd-323874bc2168	Mertensia_virginica_223374cf-6675-4a21-89bd-323874bc2168.jpg	Mertensia_virginica	40.180392	-75.421753	1945.24109589041	89	35.73	11.582537173604	12.6610236565272	2.15328968067964
233db5b4-77d2-48b5-bef8-42489c887ec0	Mertensia_virginica_233db5b4-77d2-48b5-bef8-42489c887ec0.jpg	Mertensia_virginica	40.432013	-79.881439	1889.32602739726	120	297.63	10.5421076106528	10.2033964594205	0.687073429425557
23934852-7270-49cd-af3b-fcfa1fe02a43	Mertensia_virginica_23934852-7270-49cd-af3b-fcfa1fe02a43.jpg	Mertensia_virginica	41.3111	-88.6097	1954.34520547945	127	154.97	10.5597540264328	8.63023169835409	-0.254021167755127
23c8aa43-770c-4532-9768-b5f0676568a8	Mertensia_virginica_23c8aa43-770c-4532-9768-b5f0676568a8.jpg	Mertensia_virginica	41.354229	-79.071982	1933.32602739726	120	369.35	8.35673806630075	7.41958514849345	-1.13023591041565
24443cf4-ac86-4e4c-b645-2d03fec5a8ef	Mertensia_virginica_24443cf4-ac86-4e4c-b645-2d03fec5a8ef.jpg	Mertensia_virginica	40.97027777777	-80.18166666666	2009.36164383562	133	312.27	9.91021007547776	10.1415073076884	-0.907130440076192
24c560b5-0872-43ef-9730-6be3fe574283	Mertensia_virginica_24c560b5-0872-43ef-9730-6be3fe574283.jpg	Mertensia_virginica	38.588265	-78.565273	2002.27671232877	102	236.24	12.6839722351482	11.8528160651525	4.55850179245075
25c09885-d9e5-465b-9dcf-dd9623679c38	Mertensia_virginica_25c09885-d9e5-465b-9dcf-dd9623679c38.jpg	Mertensia_virginica	39.131167	-90.626295	1978.29589041096	109	170.88	11.1534801311791	10.7007417778174	-3.58298581838608
269538ae-8960-4517-a699-5ae5790de265	Mertensia_virginica_269538ae-8960-4517-a699-5ae5790de265.jpg	Mertensia_virginica	40.210089	-75.451113	1921.27123287671	100	37.43	12.6621155105531	13.3747579654058	4.11470716694991
26ebffb9-7936-4a96-8172-fb86d2982c6b	Mertensia_virginica_26ebffb9-7936-4a96-8172-fb86d2982c6b.jpg	Mertensia_virginica	40.01808	-89.469715	1992.28142076503	104	201.77	11.6532447437445	11.5636775940657	3.21232541402181
275d1842-f1e6-4d71-a619-fe6b0274330b	Mertensia_virginica_275d1842-f1e6-4d71-a619-fe6b0274330b.jpg	Mertensia_virginica	41.261748	-75.896864	1891.3095890411	114	163.73	8.59985305865606	6.89109857877096	-1.38683656851451
27620e76-bd5a-4bd6-9cbc-3511179391b7	Mertensia_virginica_27620e76-bd5a-4bd6-9cbc-3511179391b7.jpg	Mertensia_virginica	38.986898	-77.237029	1989.30684931507	113	74.6	12.5669019197424	11.620334520936	4.06716542939345
29017c03-661b-4188-a73a-1ae05023bdf8	Mertensia_virginica_29017c03-661b-4188-a73a-1ae05023bdf8.jpg	Mertensia_virginica	43.8842917	-92.4083713	1977.32876712329	121	377.2	7.10617885738611	10.916493733724	-6.60795990626017
291eb83f-3067-4360-bb8a-34a7ad4270a6	Mertensia_virginica_291eb83f-3067-4360-bb8a-34a7ad4270a6.jpg	Mertensia_virginica	39.061776	-76.885251	1956.32240437158	119	48.05	12.3879853400091	10.5826422770818	2.65832330286503
295b68ff-07fa-4f4f-930f-67ee9a42977a	Mertensia_virginica_295b68ff-07fa-4f4f-930f-67ee9a42977a.jpg	Mertensia_virginica	39.553933	-78.548583	2005.32876712329	121	169.89	11.7610652198394	9.37686649958293	1.50085133314133
2984960e-a727-4788-9985-5fc21e5844a1	Mertensia_virginica_2984960e-a727-4788-9985-5fc21e5844a1.jpg	Mertensia_virginica	39.997148	-80.687097	1879.30684931507	113	341.64	10.602459811916	9.69892361263434	-0.350926046570142
299c27dd-0687-4f76-819b-4623ff051b29	Mertensia_virginica_299c27dd-0687-4f76-819b-4623ff051b29.jpg	Mertensia_virginica	36.475199	-79.778749	1972.26229508197	97	153.5	13.9996931105852	13.5015631417433	6.25312786300977
29ca7e0e-b5de-4b46-a6b0-ee8078d03a40	Mertensia_virginica_29ca7e0e-b5de-4b46-a6b0-ee8078d03a40.jpg	Mertensia_virginica	34.31816667	-87.45116667	2002.21095890411	78	175.86	16.0504279360175	15.7881927887599	7.51115704576174
2b1147bb-04c3-45b5-91a0-4035c08ac2b0	Mertensia_virginica_2b1147bb-04c3-45b5-91a0-4035c08ac2b0.jpg	Mertensia_virginica	41.973561	-80.025819	1882.40821917808	150	388.49	8.31275090078513	6.32307398319244	0.0633409420649211
2b62f59b-1f62-4a04-af31-2099a49bca35	Mertensia_virginica_2b62f59b-1f62-4a04-af31-2099a49bca35.jpg	Mertensia_virginica	40.63872	-79.75833	1991.29863013699	110	331.73	11.6283450673024	12.2051572799683	1.57547008991241
2cae57c4-2bf7-4513-9cf6-7cb070382434	Mertensia_virginica_2cae57c4-2bf7-4513-9cf6-7cb070382434.jpg	Mertensia_virginica	44.080796	-92.027678	1976.37431693989	138	227.21	6.817703495423	7.57558651765188	-4.08385469516118
2d02cb88-a01c-4485-8594-c0fa81a0067e	Mertensia_virginica_2d02cb88-a01c-4485-8594-c0fa81a0067e.jpg	Mertensia_virginica	41.697191	-91.600445	1900.35616438356	131	225.45	9.81281783928474	9.25171625614166	-4.31548869609833
2db7db66-dbc8-4348-aa36-f2eb0ef13552	Mertensia_virginica_2db7db66-dbc8-4348-aa36-f2eb0ef13552.jpg	Mertensia_virginica	40.292169	-79.404147	1974.3397260274	125	337.61	10.3208838844051	9.90488801399867	1.98050111532211
2ddd78d8-c2ee-4270-a531-cf6ce717b8c0	Mertensia_virginica_2ddd78d8-c2ee-4270-a531-cf6ce717b8c0.jpg	Mertensia_virginica	39.968147	-80.44975	1985.2904109589	107	306.3	10.6901983196537	11.6031181414922	-0.293381750583649
2ed07418-dfc6-4898-86c0-359193db3a63	Mertensia_virginica_2ed07418-dfc6-4898-86c0-359193db3a63.jpg	Mertensia_virginica	39.900068	-76.384699	1939.30684931507	113	50.76	11.8966210422417	10.8057140807311	2.49548284212748
2f77b3c1-900f-44db-92ca-687f3fc20dfc	Mertensia_virginica_2f77b3c1-900f-44db-92ca-687f3fc20dfc.jpg	Mertensia_virginica	36.540796	-78.96395	1974.23835616438	88	109.91	14.5053847959886	14.7132383907835	8.29799890518188
2fdcea69-49fc-4c3a-98a2-9193bd401880	Mertensia_virginica_2fdcea69-49fc-4c3a-98a2-9193bd401880.jpg	Mertensia_virginica	39.875101	-76.380978	1902.3698630137	136	50.76	11.016308122625	11.1476869434118	0.34188915292422
2ffac967-4cbe-48f7-b94a-f59dc8e7367f	Mertensia_virginica_2ffac967-4cbe-48f7-b94a-f59dc8e7367f.jpg	Mertensia_virginica	36.529795	-78.987074	2006.24109589041	89	107	15.1465317408244	14.4836311340332	7.33463525772095
31501fcf-3b95-471c-9207-359d2c8f0875	Mertensia_virginica_31501fcf-3b95-471c-9207-359d2c8f0875.jpg	Mertensia_virginica	39.699704	-77.330078	1967.26849315068	99	130.01	10.9796986058354	9.90968774755796	1.83165177702904
318d0500-3a94-4924-bf3a-9f814cc4e8ae	Mertensia_virginica_318d0500-3a94-4924-bf3a-9f814cc4e8ae.jpg	Mertensia_virginica	39.781492	-76.293013	1992.34153005464	126	35.26	11.1000974327326	9.85167517264684	2.0842460890611
32b93e1f-0e39-4c4c-a897-db9e350d6522	Mertensia_virginica_32b93e1f-0e39-4c4c-a897-db9e350d6522.jpg	Mertensia_virginica	39.779325	-78.077732	1957.35616438356	131	157.9	11.0446822090695	10.7070689151684	1.01056849459807
32cea5a9-8eb5-4d56-88a7-30f8e644e122	Mertensia_virginica_32cea5a9-8eb5-4d56-88a7-30f8e644e122.jpg	Mertensia_virginica	40.499294	-80.363436	1952.30054644809	111	261.17	10.9466074219284	9.4991517663002	1.72786068916321
3442e64f-d537-4ed1-bf85-c528f5778203	Mertensia_virginica_3442e64f-d537-4ed1-bf85-c528f5778203.jpg	Mertensia_virginica	38.778586	-85.106604	1924.38797814208	143	202.71	10.9776617921889	9.88603605826696	-0.0205005208651225
34e44347-c252-47d7-ba52-326b9d3baa78	Mertensia_virginica_34e44347-c252-47d7-ba52-326b9d3baa78.jpg	Mertensia_virginica	39.85682	-87.286722	2021.31232876712	115	184.04	12.9018364275495	12.5130784610907	1.18592176834742
3537aa22-ec04-4cae-8a8c-e36e6b44fd6b	Mertensia_virginica_3537aa22-ec04-4cae-8a8c-e36e6b44fd6b.jpg	Mertensia_virginica	41.043881	-87.859006	2004.32513661202	120	189.31	10.7350814342499	11.9423937002818	-0.464397192001343
364d410f-127a-4ac1-b791-263d809ae2a9	Mertensia_virginica_364d410f-127a-4ac1-b791-263d809ae2a9.jpg	Mertensia_virginica	39.131167	-90.626295	1978.29863013699	110	170.88	11.1534801311791	10.7007417778174	-3.58298581838608
385a093b-916b-41a5-a6a3-5bf915b928e4	Mertensia_virginica_385a093b-916b-41a5-a6a3-5bf915b928e4.jpg	Mertensia_virginica	37.85541	-83.67926	2017.22465753425	83	224.66	13.8069097101688	13.9377857049306	6.51652053495248
387b5f98-ec90-4dc5-87e9-c54e1019f4fe	Mertensia_virginica_387b5f98-ec90-4dc5-87e9-c54e1019f4fe.jpg	Mertensia_virginica	40.695344	-80.304785	1930.33424657534	123	241.73	10.5938739984607	9.72144617636999	1.20940331617991
39041c97-252c-44a1-b72f-040172a5bf98	Mertensia_virginica_39041c97-252c-44a1-b72f-040172a5bf98.jpg	Mertensia_virginica	40.675778	-80.402944	1888.36338797814	134	287.2	9.22129826340824	7.93336697419484	-1.54100984334946
3a499ad2-67eb-43bc-a6a8-5144c1395860	Mertensia_virginica_3a499ad2-67eb-43bc-a6a8-5144c1395860.jpg	Mertensia_virginica	39.92889	-79.93694	2003.29589041096	109	234.76	11.0531116848191	11.4471603929996	0.0993567903836568
3c44f016-ac93-48ae-9539-2f68216da08e	Mertensia_virginica_3c44f016-ac93-48ae-9539-2f68216da08e.jpg	Mertensia_virginica	40.21372	-74.935444	1907.4301369863	158	50.24	10.5845868177712	9.08548879623413	0.724102367957433
3c50f089-44cc-4307-9eb0-87f02f569384	Mertensia_virginica_3c50f089-44cc-4307-9eb0-87f02f569384.jpg	Mertensia_virginica	44.0590262	-93.236001	1991.31780821918	117	344.76	7.36103691409032	8.64732809861501	-5.34994854529699
3d145b20-5c09-4d56-a5fc-029235e03af5	Mertensia_virginica_3d145b20-5c09-4d56-a5fc-029235e03af5.jpg	Mertensia_virginica	40.660845	-79.251251	1952.36612021858	135	305.1	10.2853457865616	8.71618668238322	0.983161171277364
3d3f6b68-2270-44da-884d-ec6712409112	Mertensia_virginica_3d3f6b68-2270-44da-884d-ec6712409112.jpg	Mertensia_virginica	36.588152	-78.89828	1975.23835616438	88	103.33	14.5901308183869	13.099734266599	6.34799957275391
3df51db0-6520-410e-b58a-5ccad7cc6878	Mertensia_virginica_3df51db0-6520-410e-b58a-5ccad7cc6878.jpg	Mertensia_virginica	40.026411	-87.41827	2021.31232876712	115	158.37	12.8063917855422	12.4215292235216	0.980895181496938
3e3a1298-d2a8-4d74-8591-162c4e5d2427	Mertensia_virginica_3e3a1298-d2a8-4d74-8591-162c4e5d2427.jpg	Mertensia_virginica	40.229515	-79.786712	1945.28493150685	105	231.44	11.0967842042446	12.3392063776652	2.20008534193039
3e441646-e547-48af-a3fa-b44a86ab6294	Mertensia_virginica_3e441646-e547-48af-a3fa-b44a86ab6294.jpg	Mertensia_virginica	40.018723	-78.404866	1938.33150684932	122	334.68	10.1875226646662	9.76946864525477	1.3357270359993
3effcb03-ac3d-4ed8-b10b-5005f6b2714f	Mertensia_virginica_3effcb03-ac3d-4ed8-b10b-5005f6b2714f.jpg	Mertensia_virginica	36.09618	-85.81303	2006.30684931507	113	229.55	14.963420620809	14.9388710061709	6.78872352838516
4046def7-f187-4766-9ff1-00f63a045dba	Mertensia_virginica_4046def7-f187-4766-9ff1-00f63a045dba.jpg	Mertensia_virginica	38.8951583	-76.6760778	1977.3095890411	114	2.45	13.3638704319795	14.5339018503825	2.79283038775126
410c4d2b-d173-49bd-8dee-1f448b84e88a	Mertensia_virginica_410c4d2b-d173-49bd-8dee-1f448b84e88a.jpg	Mertensia_virginica	41.435013	-75.814627	1937.35068493151	129	338.27	8.55734874432286	6.53320386012395	-1.17184487978617
423eb259-5e53-4885-8acb-17770b25e687	Mertensia_virginica_423eb259-5e53-4885-8acb-17770b25e687.jpg	Mertensia_virginica	38.8317833	-76.61135	1971.29863013699	110	55.65	13.4483661750952	11.3627374172211	2.72441534201304
426094b1-1034-4166-8678-13112b8faaea	Mertensia_virginica_426094b1-1034-4166-8678-13112b8faaea.jpg	Mertensia_virginica	39.788461	-75.640072	1876.30601092896	113	35.02	10.9614973543212	9.53659971555074	2.10728182395299
4266432f-5f77-4e7e-bf95-257a2fd66696	Mertensia_virginica_4266432f-5f77-4e7e-bf95-257a2fd66696.jpg	Mertensia_virginica	35.728142	-83.81323	1934.30410958904	112	281.09	13.5454606885711	13.0420312583447	4.41016815106074
42d9ded6-05a8-4d24-a0db-2434cc90933e	Mertensia_virginica_42d9ded6-05a8-4d24-a0db-2434cc90933e.jpg	Mertensia_virginica	39.056602	-76.742971	1985.2602739726	96	28.94	13.3409992717206	13.7869203090668	3.07692434390386
42f66d06-5cae-4290-9947-287b84b24f0f	Mertensia_virginica_42f66d06-5cae-4290-9947-287b84b24f0f.jpg	Mertensia_virginica	34.31816667	-87.45116667	2002.21095890411	78	175.86	16.0504279360175	15.7881927887599	7.51115704576174
4308ceb5-304a-450c-baa3-c36c25fb70b3	Mertensia_virginica_4308ceb5-304a-450c-baa3-c36c25fb70b3.jpg	Mertensia_virginica	40.66361	-79.23694	2002.33698630137	124	308.45	10.6171318242947	9.21042617162069	2.01451607545217
4378b557-f8f5-4903-ac3d-ee68ca34b49a	Mertensia_virginica_4378b557-f8f5-4903-ac3d-ee68ca34b49a.jpg	Mertensia_virginica	39.029615	-76.756181	1992.34153005464	126	22.69	12.056180652231	10.7997114956379	3.44751123090585
44d220c3-2d31-4698-8c23-8f29f2858e50	Mertensia_virginica_44d220c3-2d31-4698-8c23-8f29f2858e50.jpg	Mertensia_virginica	40.567777	-86.76118	1917.3698630137	136	167.7	8.345782186836	8.36366722981135	-1.8776927391688
460e45d3-6e57-4222-bb48-dd01ec50c26a	Mertensia_virginica_460e45d3-6e57-4222-bb48-dd01ec50c26a.jpg	Mertensia_virginica	38.897826	-80.233423	1897.29863013699	110	507.4	10.0834055542946	9.44657627741496	1.25659251213074
468a8f43-669e-40b5-b4f4-f4fef36635eb	Mertensia_virginica_468a8f43-669e-40b5-b4f4-f4fef36635eb.jpg	Mertensia_virginica	40.464679	-77.137722	1961.32602739726	120	125.13	10.7170019708574	8.96011527379354	-0.135998010635376
4690c8dd-ab42-4eb9-a0c1-d33180085b3b	Mertensia_virginica_4690c8dd-ab42-4eb9-a0c1-d33180085b3b.jpg	Mertensia_virginica	39.962863	-80.016177	1941.35342465753	130	329.24	10.9397113223871	9.55647766590118	-1.33632888396581
47bde709-50eb-4022-b3f3-d15b84958e4f	Mertensia_virginica_47bde709-50eb-4022-b3f3-d15b84958e4f.jpg	Mertensia_virginica	39.967724	-76.355775	1937.31780821918	117	88.83	11.4652799094717	9.93558500210444	2.35698482394218
47c43f2c-6626-453d-aaa1-114ef6bffd68	Mertensia_virginica_47c43f2c-6626-453d-aaa1-114ef6bffd68.jpg	Mertensia_virginica	39.03325	-77.241905	1998.27123287671	100	71.66	14.1280369708935	13.131837328275	5.52825263639291
47dced72-d38e-438f-9d00-a1a797101b7d	Mertensia_virginica_47dced72-d38e-438f-9d00-a1a797101b7d.jpg	Mertensia_virginica	39.0423194	-76.7242083	1987.30410958904	112	19.98	13.2793392663201	12.7459111412366	3.06452706456184
481d34ca-0d22-4ed7-9d37-d3cc67edbe66	Mertensia_virginica_481d34ca-0d22-4ed7-9d37-d3cc67edbe66.jpg	Mertensia_virginica	36.314008	-81.73094	1972.31693989071	117	1346.66	9.9230061173439	9.27867904305458	2.19369556506475
48ab7255-50e7-4f0e-b12c-e05359e9a392	Mertensia_virginica_48ab7255-50e7-4f0e-b12c-e05359e9a392.jpg	Mertensia_virginica	39.74114	-79.893357	1952.26775956284	99	242.57	11.2919004109378	9.91220198074977	2.82695255676905
4962d2aa-2678-476a-8450-c15aa69a8045	Mertensia_virginica_4962d2aa-2678-476a-8450-c15aa69a8045.jpg	Mertensia_virginica	39.008165	-77.049144	1932.36612021858	135	100.96	12.7687473514428	10.2369631429513	4.91036152342955
49989059-88a9-42b3-a9eb-413dcfee7c2f	Mertensia_virginica_49989059-88a9-42b3-a9eb-413dcfee7c2f.jpg	Mertensia_virginica	39.0365	-76.815833	1997.31232876712	115	49.48	12.5313727098207	11.2868514458338	4.21934208770593
49ca7d65-be0d-473a-b833-a44f214afb77	Mertensia_virginica_49ca7d65-be0d-473a-b833-a44f214afb77.jpg	Mertensia_virginica	38.9796194	-76.9378528	1984.33333333333	123	27.67	13.0926467056076	10.9032388031483	2.57414331038793
49d83b07-582c-473b-a372-74449add7da2	Mertensia_virginica_49d83b07-582c-473b-a372-74449add7da2.jpg	Mertensia_virginica	38.951	-76.693	2006.28767123288	106	8.66	14.5165233065685	13.460024257501	5.68075521787008
4a21c2a5-43d4-48f3-8566-ea0c0bef373e	Mertensia_virginica_4a21c2a5-43d4-48f3-8566-ea0c0bef373e.jpg	Mertensia_virginica	39.872	-76.381	1906.37808219178	139	53.99	11.5884337735673	9.80835896730423	1.03727051615715
4a6fdc4d-c263-4633-acdb-4b3e9f198e8c	Mertensia_virginica_4a6fdc4d-c263-4633-acdb-4b3e9f198e8c.jpg	Mertensia_virginica	40.46389	-79.4875	1992.32240437158	119	282.82	9.8960751046737	9.11659624179204	0.734151442845662
4ac48463-6218-4f54-8efe-7ba675db0b35	Mertensia_virginica_4ac48463-6218-4f54-8efe-7ba675db0b35.jpg	Mertensia_virginica	38.572364	-88.094993	1969.34246575342	126	132.57	12.2725234205524	11.7598438759645	1.50516195098559
4ad16b26-6372-4073-a5f1-b6d5cae4aae8	Mertensia_virginica_4ad16b26-6372-4073-a5f1-b6d5cae4aae8.jpg	Mertensia_virginica	41.894998	-87.817553	1895.32876712329	121	193.51	8.62375284731388	8.87220410505931	-5.47075541814168
4bef25cb-b126-447f-a45f-4d60613810a4	Mertensia_virginica_4bef25cb-b126-447f-a45f-4d60613810a4.jpg	Mertensia_virginica	39.00265	-77.13787	1999.31232876712	115	75.69	13.256261292845	11.7166756689548	3.32097972929478
4c42b2b0-6351-419d-8964-0f328ed3e05e	Mertensia_virginica_4c42b2b0-6351-419d-8964-0f328ed3e05e.jpg	Mertensia_virginica	39.434796	-85.016944	1906.36164383562	133	209.45	11.1346366330981	9.58576802412669	-0.379673937956492
4c489f0e-53ca-4255-86e0-733136c35eeb	Mertensia_virginica_4c489f0e-53ca-4255-86e0-733136c35eeb.jpg	Mertensia_virginica	38.9791	-76.9356528	1975.28767123288	106	20	13.4601638913155	11.7311492562294	4.27396428585052
4dfe130c-1b79-4fda-aec0-ff1653b04745	Mertensia_virginica_4dfe130c-1b79-4fda-aec0-ff1653b04745.jpg	Mertensia_virginica	40.483558	-80.359303	1941.33424657534	123	263.71	10.6504860829252	9.2322353720665	-1.91113244493802
4e0d4553-4418-40e2-951c-6cedc3d83966	Mertensia_virginica_4e0d4553-4418-40e2-951c-6cedc3d83966.jpg	Mertensia_virginica	41.524391	-75.939292	1939.37808219178	139	176.97	8.21805371778707	6.78488906224569	-2.30425542593002
4e51dabc-d1da-476e-b7d9-5da9ab975ae7	Mertensia_virginica_4e51dabc-d1da-476e-b7d9-5da9ab975ae7.jpg	Mertensia_virginica	39.750608	-76.227161	1910.26849315068	99	33.64	10.9290773247679	11.9161893526713	1.79159502188365
4e5ff420-8f67-4d87-aa6b-fce94fd38a7e	Mertensia_virginica_4e5ff420-8f67-4d87-aa6b-fce94fd38a7e.jpg	Mertensia_virginica	39.046564	-76.796692	1989.29863013699	110	26.11	12.0243094072988	11.1280760144194	3.46671602378289
4ec3bbf1-0f1e-4ee6-bb9f-5c3c84691378	Mertensia_virginica_4ec3bbf1-0f1e-4ee6-bb9f-5c3c84691378.jpg	Mertensia_virginica	40.339954	-87.305539	1932.38797814208	143	175.24	10.7649560707311	9.0976727604866	1.14464175701141
4ee8ac1b-ab20-48d0-af1e-4e765d88b43d	Mertensia_virginica_4ee8ac1b-ab20-48d0-af1e-4e765d88b43d.jpg	Mertensia_virginica	40.67387	-80.105701	1914.37808219178	139	314.63	9.74241038536032	8.74987600247065	-1.55052800973256
4f39049d-8b08-4878-b770-c980ab294a55	Mertensia_virginica_4f39049d-8b08-4878-b770-c980ab294a55.jpg	Mertensia_virginica	39.1955555	-92.6369444	2008.3087431694	114	215.93	12.0905240612725	11.5008521775405	1.27082712451617
4f3f66fa-fec2-4822-adf6-3f583a73c601	Mertensia_virginica_4f3f66fa-fec2-4822-adf6-3f583a73c601.jpg	Mertensia_virginica	40.795925	-80.193982	1937.34794520548	128	266.46	9.55134820813934	7.74408639470736	0.402312556902568
4f980aa0-13fa-46ee-81ae-841d72b98d83	Mertensia_virginica_4f980aa0-13fa-46ee-81ae-841d72b98d83.jpg	Mertensia_virginica	40.409416	-79.728282	1916.34699453552	128	254.2	9.9108335810403	8.42530977725983	-0.400799592336019
4fb509c7-3402-4acf-886e-e2c922bf562e	Mertensia_virginica_4fb509c7-3402-4acf-886e-e2c922bf562e.jpg	Mertensia_virginica	39.78794	-75.640897	1896.35519125683	131	42.19	11.5625699882706	11.0343967278798	0.146082758903503
5043a95f-4911-42a9-a384-b7419a7c1af3	Mertensia_virginica_5043a95f-4911-42a9-a384-b7419a7c1af3.jpg	Mertensia_virginica	40.934615	-76.810087	1955.32328767123	119	291.75	10.6688827996453	10.9605730573336	-0.183602054913839
505c8fc1-2e12-420b-abe5-f9729a0d3c15	Mertensia_virginica_505c8fc1-2e12-420b-abe5-f9729a0d3c15.jpg	Mertensia_virginica	37.9	-84.4	1977.26849315068	99	281.64	12.9426604745289	15.0611561934153	1.49489774306615
50c64e0a-5a7a-431f-86da-e30100f5b606	Mertensia_virginica_50c64e0a-5a7a-431f-86da-e30100f5b606.jpg	Mertensia_virginica	39.919349	-87.423004	1978.35342465753	130	168.49	10.5100960272054	9.5441706130902	-4.20460341374079
50d60075-8b79-4d8c-926d-6f323785a214	Mertensia_virginica_50d60075-8b79-4d8c-926d-6f323785a214.jpg	Mertensia_virginica	40.483558	-80.359303	1941.33424657534	123	263.71	10.6504860829252	9.2322353720665	-1.91113244493802
5397fbfd-af8b-45cd-adc0-d7a1d896dbb5	Mertensia_virginica_5397fbfd-af8b-45cd-adc0-d7a1d896dbb5.jpg	Mertensia_virginica	39.432366	-76.624766	1942.31232876712	115	119.4	12.3727908904354	13.0906841754913	2.15349598725637
5493836c-d062-4274-bcc3-eaa60aa2d4af	Mertensia_virginica_5493836c-d062-4274-bcc3-eaa60aa2d4af.jpg	Mertensia_virginica	37.166626	-80.899256	2006.24109589041	89	619.13	11.917381691436	11.3642140030861	4.05682585140069
56921ec9-2669-4084-a9c8-69e44d0e79d8	Mertensia_virginica_56921ec9-2669-4084-a9c8-69e44d0e79d8.jpg	Mertensia_virginica	40.259805	-75.419999	1924.37704918033	139	49.16	9.83763984839121	8.34751917918523	-0.0421206951141357
56cd18b9-b363-4926-abf3-2754e5dde7fb	Mertensia_virginica_56cd18b9-b363-4926-abf3-2754e5dde7fb.jpg	Mertensia_virginica	38.881417	-85.860252	1911.29315068493	108	164.02	12.9991060557465	12.2813361336788	3.8231669118007
56e1fe9e-8747-49b8-9ade-0b466be5b13d	Mertensia_virginica_56e1fe9e-8747-49b8-9ade-0b466be5b13d.jpg	Mertensia_virginica	39.91622	-80.11087	1955.70684931507	259	294.42	11.0953484301766	11.8311227560043	1.05498641729355
56e367f8-62bd-433d-8e85-53299e4baadc	Mertensia_virginica_56e367f8-62bd-433d-8e85-53299e4baadc.jpg	Mertensia_virginica	40.516519	-79.887438	2017.31780821918	117	279.55	11.5967835138241	10.9694928924243	3.26200662056605
5795e43c-6a64-450a-999d-7459fd379803	Mertensia_virginica_5795e43c-6a64-450a-999d-7459fd379803.jpg	Mertensia_virginica	40.093998	-75.316016	1896.35245901639	130	38.28	11.4518545294801	10.8722155094147	-0.108449051777522
5799ac9f-ef79-40e4-bdf1-671aa1d7c19b	Mertensia_virginica_5799ac9f-ef79-40e4-bdf1-671aa1d7c19b.jpg	Mertensia_virginica	39.142004	-84.359939	1912.29508196721	109	151.56	11.3028309357663	11.4693782925606	-2.33754303057988
57a6dd80-05d7-4c1c-ab9a-bf4f575071b9	Mertensia_virginica_57a6dd80-05d7-4c1c-ab9a-bf4f575071b9.jpg	Mertensia_virginica	35.898655	-79.033589	1987.2904109589	107	86.65	15.0179540241758	14.3905485769113	5.674102216959
57b7720a-dd31-4464-8b6f-99f86950ecec	Mertensia_virginica_57b7720a-dd31-4464-8b6f-99f86950ecec.jpg	Mertensia_virginica	40.129177	-75.219837	1907.36712328767	135	44.15	10.3547139180203	8.93895838658015	0.441092158357302
58472baa-dcb3-4f42-9315-4e7de45e029a	Mertensia_virginica_58472baa-dcb3-4f42-9315-4e7de45e029a.jpg	Mertensia_virginica	40.675778	-80.402944	1888.36338797814	134	287.2	9.22129826340824	7.93336697419484	-1.54100984334946
585100f4-dc06-4713-acf2-055b7624ea4e	Mertensia_virginica_585100f4-dc06-4713-acf2-055b7624ea4e.jpg	Mertensia_virginica	39.28088	-86.572653	1930.27671232877	102	173.03	11.834562415878	11.460182706515	1.61040790875753
58db2a88-b36f-4550-9d9f-f108f71d35a3	Mertensia_virginica_58db2a88-b36f-4550-9d9f-f108f71d35a3.jpg	Mertensia_virginica	38.72092	-78.65472	2011.29315068493	108	265.7	12.9611139148474	12.4065320690473	2.90241651982069
58f4a83f-2200-41b8-91ae-eec57fe743c7	Mertensia_virginica_58f4a83f-2200-41b8-91ae-eec57fe743c7.jpg	Mertensia_virginica	38.984277	-77.235536	1933.26301369863	97	34.48	13.190926367417	12.0681249896685	4.39403583606084
59844290-d243-4cae-8b73-36a09dc44358	Mertensia_virginica_59844290-d243-4cae-8b73-36a09dc44358.jpg	Mertensia_virginica	39.744021	-80.422576	1951.38630136986	142	426.18	10.6543863440553	9.97846463322639	1.89456390341123
5a7cb89f-84d1-41b4-b396-87cdba6c47c4	Mertensia_virginica_5a7cb89f-84d1-41b4-b396-87cdba6c47c4.jpg	Mertensia_virginica	38.351334	-86.464837	1911.29589041096	109	158.91	13.169410901765	12.4496430555979	4.20049568017324
5b0f5675-42ae-4895-8f88-2d01581df6c4	Mertensia_virginica_5b0f5675-42ae-4895-8f88-2d01581df6c4.jpg	Mertensia_virginica	40.035496	-75.24283	1872.34972677596	129	17.84	10.6865505849322	9.39870759348075	-1.00477577745914
5cabf345-d315-4fbb-93e9-5a6fd4ec30a0	Mertensia_virginica_5cabf345-d315-4fbb-93e9-5a6fd4ec30a0.jpg	Mertensia_virginica	39.962548	-80.461871	1984.32786885246	121	279.57	10.6189840262135	8.13724664847056	0.0782360831896464
5d13019f-6114-48e2-a7ab-a6151e52802c	Mertensia_virginica_5d13019f-6114-48e2-a7ab-a6151e52802c.jpg	Mertensia_virginica	39.797678	-80.02395	1949.32602739726	120	428.61	11.8792604232828	10.006074676911	3.84132416049639
5d726119-98bb-40f3-a815-d7685b7c945a	Mertensia_virginica_5d726119-98bb-40f3-a815-d7685b7c945a.jpg	Mertensia_virginica	39.921462	-80.550825	2017.24931506849	92	380.78	12.221622231106	11.792027592659	4.30211385091146
5d92f610-a433-4f41-a7a3-a32127100335	Mertensia_virginica_5d92f610-a433-4f41-a7a3-a32127100335.jpg	Mertensia_virginica	38.668269	-86.809983	2018.22739726027	84	159.7	13.6135204533736	12.9604856769244	2.87304892142614
5f199709-33ac-4c5d-b688-ea10ad32ae7c	Mertensia_virginica_5f199709-33ac-4c5d-b688-ea10ad32ae7c.jpg	Mertensia_virginica	34.142324	-87.988644	1968.28961748634	107	150.61	14.3796335533261	14.4792188505332	5.06914699077606
5f1b3244-a069-435b-a11e-f8d949fd80b9	Mertensia_virginica_5f1b3244-a069-435b-a11e-f8d949fd80b9.jpg	Mertensia_virginica	40.415837	-79.450196	1940.37158469945	137	282.65	8.82730864050488	7.23437964916229	-3.36412913600604
5f82815e-0a40-4ead-ab60-f4ec98b15324	Mertensia_virginica_5f82815e-0a40-4ead-ab60-f4ec98b15324.jpg	Mertensia_virginica	43.637724	-92.219269	1982.37534246575	138	315.91	6.01623205840588	5.90752593676249	-8.89679344495138
5f89cb01-690f-45fa-8f41-ff99ac65e102	Mertensia_virginica_5f89cb01-690f-45fa-8f41-ff99ac65e102.jpg	Mertensia_virginica	39.46156	-77.77539	2013.28219178082	104	94.56	12.4674650356174	11.319985896349	2.48876881599426
5fd5a7e2-f0a4-44de-ac6e-7d6ce44babd5	Mertensia_virginica_5fd5a7e2-f0a4-44de-ac6e-7d6ce44babd5.jpg	Mertensia_virginica	40.415837	-79.450196	1940.37158469945	137	282.65	8.82730864050488	7.23437964916229	-3.36412913600604
60f5f5bb-c48d-4cb8-99c2-73f989259951	Mertensia_virginica_60f5f5bb-c48d-4cb8-99c2-73f989259951.jpg	Mertensia_virginica	41.880348	-87.843116	1876.36338797814	134	191.01	9.14656015112996	8.48663354913394	-0.590410828590393
61400658-b5b0-4124-b9aa-f025e8f05f3a	Mertensia_virginica_61400658-b5b0-4124-b9aa-f025e8f05f3a.jpg	Mertensia_virginica	40.39694	-75.522697	1904.31420765027	116	89.82	8.77237205331524	8.88957210381826	-3.08804829915365
615b5bfa-2049-4cd4-9355-97e53be8bc0d	Mertensia_virginica_615b5bfa-2049-4cd4-9355-97e53be8bc0d.jpg	Mertensia_virginica	40.538123	-80.199781	1901.34520547945	127	224.58	9.49477954767644	8.67778294036786	-1.45671583463748
619e300a-a7d9-4ee8-b427-4d2761face8f	Mertensia_virginica_619e300a-a7d9-4ee8-b427-4d2761face8f.jpg	Mertensia_virginica	40.478077	-80.361934	1922.27671232877	102	263.32	10.9710683591353	10.8746512730916	0.907757918039958
6231cde9-89d3-4779-b33c-e439df6c27bf	Mertensia_virginica_6231cde9-89d3-4779-b33c-e439df6c27bf.jpg	Mertensia_virginica	39.131167	-90.626295	1978.29589041096	109	170.88	11.1534801311791	10.7007417778174	-3.58298581838608
63823489-24b7-42a9-96c8-c0189b491b60	Mertensia_virginica_63823489-24b7-42a9-96c8-c0189b491b60.jpg	Mertensia_virginica	40.253828	-74.861725	1954.32328767123	119	49.82	11.5173642411828	10.2916726370653	2.08433271447817
64e87b63-58a5-425a-a889-ab18051dd020	Mertensia_virginica_64e87b63-58a5-425a-a889-ab18051dd020.jpg	Mertensia_virginica	40.795387	-80.190129	1938.29863013699	110	265.32	10.5587993764008	10.4316384891669	1.74603436390559
6612a30c-a8fb-4861-9b5d-596b969d759a	Mertensia_virginica_6612a30c-a8fb-4861-9b5d-596b969d759a.jpg	Mertensia_virginica	38.985983	-76.9425	1946.27671232877	102	35.77	13.5185836963356	13.6034894088904	5.29270869493484
66c2f97d-61fa-4256-8ab9-084a9c0dd0c4	Mertensia_virginica_66c2f97d-61fa-4256-8ab9-084a9c0dd0c4.jpg	Mertensia_virginica	38.988783	-76.7055	1992.29234972678	108	8.92	12.8586074262857	11.5469861924648	4.32363623380661
66ccc5e0-4701-4473-9737-b79c05088c94	Mertensia_virginica_66ccc5e0-4701-4473-9737-b79c05088c94.jpg	Mertensia_virginica	40.809292	-89.231379	1964.32240437158	119	233.72	11.0053811122974	11.0234781106313	-0.169908225536346
673b4719-5ecf-45d2-8813-02661937d806	Mertensia_virginica_673b4719-5ecf-45d2-8813-02661937d806.jpg	Mertensia_virginica	39.772723	-76.252443	1904.34972677596	129	96.24	9.53796842942635	9.70912553866704	-2.0097674826781
68590acf-7441-41ce-8244-c00bba7f1a05	Mertensia_virginica_68590acf-7441-41ce-8244-c00bba7f1a05.jpg	Mertensia_virginica	40.45506	-80.36809	2005.31780821918	117	269.67	11.1579925850965	8.86456000804901	0.609400351842245
689e4122-4a11-4f5a-9706-c55fcec9c2f5	Mertensia_virginica_689e4122-4a11-4f5a-9706-c55fcec9c2f5.jpg	Mertensia_virginica	41.03556	-80.10528	1998.32054794521	118	333.22	11.4168483788768	10.6544835964839	2.97003173828125
68aad47b-540a-4c98-96ac-1beb73cc4edb	Mertensia_virginica_68aad47b-540a-4c98-96ac-1beb73cc4edb.jpg	Mertensia_virginica	38.895152	-76.67601	1963.33424657534	123	2.24	12.5513531826437	13.0951386491458	2.49126525719961
68e7aa4d-0637-467a-b5eb-ce5197280d3b	Mertensia_virginica_68e7aa4d-0637-467a-b5eb-ce5197280d3b.jpg	Mertensia_virginica	40.432915	-84.936231	1921.36438356164	134	276.32	12.0111259867748	12.3954698642095	2.7327602704366
692267de-e1bb-4c40-b9d1-0c5c27a3f07d	Mertensia_virginica_692267de-e1bb-4c40-b9d1-0c5c27a3f07d.jpg	Mertensia_virginica	39.285333	-77.73125	2017.27123287671	100	144.23	13.5641573785494	12.6588152547677	5.12273859977722
6963c186-8adc-4645-90e1-b8dfabb4b52b	Mertensia_virginica_6963c186-8adc-4645-90e1-b8dfabb4b52b.jpg	Mertensia_virginica	40.6541	-80.34441	1923.33698630137	124	208.08	10.2609269504125	8.75158447027206	-0.536280651887258
6aac0fe1-bfa0-4da1-8e59-f7d589d1bcee	Mertensia_virginica_6aac0fe1-bfa0-4da1-8e59-f7d589d1bcee.jpg	Mertensia_virginica	42.041528	-79.918013	1985.32876712329	121	392.91	8.98313372520109	8.70740073919296	-2.58804685870806
6abc0507-6a4d-43cd-b181-478b7e588e7d	Mertensia_virginica_6abc0507-6a4d-43cd-b181-478b7e588e7d.jpg	Mertensia_virginica	39.3812	-77.392266	1951.30410958904	112	73.01	12.1943721200029	11.2947128365437	2.99239613612493
6b95c118-1531-431f-90ee-a24e53914d21	Mertensia_virginica_6b95c118-1531-431f-90ee-a24e53914d21.jpg	Mertensia_virginica	36.690651	-88.457038	1974.19726027397	73	133.2	14.7317116117726	15.6243008375168	7.70717938741048
6d11b273-a9f1-4a85-a1ec-6ff1df49b80b	Mertensia_virginica_6d11b273-a9f1-4a85-a1ec-6ff1df49b80b.jpg	Mertensia_virginica	41.874222	-80.131724	1884.37704918033	139	368.59	7.89246150354544	6.32179069519043	-3.25458725293477
6dc3da2e-23c2-4841-ada6-f3ad442f6f77	Mertensia_virginica_6dc3da2e-23c2-4841-ada6-f3ad442f6f77.jpg	Mertensia_virginica	40.1	-85.625	1990.31506849315	116	262.34	11.8864586285005	10.6577355588476	3.65772803624471
6e7616b0-9847-4ae6-993c-706e49025f8a	Mertensia_virginica_6e7616b0-9847-4ae6-993c-706e49025f8a.jpg	Mertensia_virginica	40.679424	-80.100057	1910.32602739726	120	323.37	9.69287542626262	10.5962212284406	0.580800135930379
6e8f50ea-1382-45c1-8467-135808d17f2f	Mertensia_virginica_6e8f50ea-1382-45c1-8467-135808d17f2f.jpg	Mertensia_virginica	38.72092	-78.65472	2011.29315068493	108	265.7	12.9611139148474	12.4065320690473	2.90241651982069
6f6ad287-1c9f-41a2-bf3c-24d90ab71766	Mertensia_virginica_6f6ad287-1c9f-41a2-bf3c-24d90ab71766.jpg	Mertensia_virginica	39.707131	-86.20777	1938.2904109589	107	202.96	12.1368112349883	12.1873657256365	3.06179390350978
6fb943c5-c484-45c1-a2db-3e87801414d3	Mertensia_virginica_6fb943c5-c484-45c1-a2db-3e87801414d3.jpg	Mertensia_virginica	39.900727	-76.390164	1939.30684931507	113	90.03	11.8966210422417	10.8057140807311	2.49548284212748
6fbeb39f-9126-45c9-be09-789ace545601	Mertensia_virginica_6fbeb39f-9126-45c9-be09-789ace545601.jpg	Mertensia_virginica	36.680893	-88.279947	1965.27123287671	100	131.06	14.9552436463224	14.4447089036306	4.50181965033213
70452663-b0d8-4792-a5d3-65a68462ea71	Mertensia_virginica_70452663-b0d8-4792-a5d3-65a68462ea71.jpg	Mertensia_virginica	39.231169	-84.465776	1992.33879781421	125	176.35	12.4765207879245	12.0466059446335	4.12258785963058
70ac2d41-6113-46b6-92ae-8da6081cfdcc	Mertensia_virginica_70ac2d41-6113-46b6-92ae-8da6081cfdcc.jpg	Mertensia_virginica	40.798676	-79.995337	1919.33424657534	123	295.52	9.97207250197729	8.88108245531718	0.784024755160014
716632a9-ae13-4a57-81a5-f158cd4f92e5	Mertensia_virginica_716632a9-ae13-4a57-81a5-f158cd4f92e5.jpg	Mertensia_virginica	40.67387	-80.105701	1908.31693989071	117	314.63	10.4730953170607	10.5532010098298	0.0231733719507853
72a01ac7-b980-486c-973e-c9ff60ed72af	Mertensia_virginica_72a01ac7-b980-486c-973e-c9ff60ed72af.jpg	Mertensia_virginica	39.901138	-79.930879	1946.29589041096	109	277.07	11.8129006450375	11.7844732801119	3.75829837719599
7304ca38-a421-4f3c-9b49-428d7b7a45e8	Mertensia_virginica_7304ca38-a421-4f3c-9b49-428d7b7a45e8.jpg	Mertensia_virginica	38.98648	-77.797222	1992.29781420765	110	100.68	11.9977802075446	10.9670534084241	3.75402155021826
730f56b6-3855-4e7f-878a-2a954144babd	Mertensia_virginica_730f56b6-3855-4e7f-878a-2a954144babd.jpg	Mertensia_virginica	39.369958	-87.528401	1917.35890410959	132	135.8	10.001606853834	10.0234478314718	0.666948080062866
73b0c9bd-9f29-4328-b7d6-0018258a471b	Mertensia_virginica_73b0c9bd-9f29-4328-b7d6-0018258a471b.jpg	Mertensia_virginica	40.393203	-76.451377	1954.36438356164	134	175.4	11.1580622686694	10.1496187845866	1.38083470861117
7456ce7e-0b47-44af-a4e0-941f1294ea65	Mertensia_virginica_7456ce7e-0b47-44af-a4e0-941f1294ea65.jpg	Mertensia_virginica	38.965694	-77.178316	1975.28493150685	105	60.52	13.3576496591171	11.6055978337924	4.12423245112101
75075da5-9e99-4c63-9a55-215387aae456	Mertensia_virginica_75075da5-9e99-4c63-9a55-215387aae456.jpg	Mertensia_virginica	39.04001	-77.088601	1969.30136986301	111	69.31	12.0882704742253	11.8489144643148	1.58752550184727
754b586b-188a-4b3a-9a74-1f5845ff59d8	Mertensia_virginica_754b586b-188a-4b3a-9a74-1f5845ff59d8.jpg	Mertensia_virginica	38.884733	-76.674034	1996.33606557377	124	1.75	12.8216182601949	11.706574489673	2.35398071010908
768e131f-70a4-48ea-b539-4860a3c785bd	Mertensia_virginica_768e131f-70a4-48ea-b539-4860a3c785bd.jpg	Mertensia_virginica	38.871923	-76.812839	1977.27397260274	101	21.16	13.1341405659914	14.3814763625463	2.58489451805751
774e45cf-694c-4a1f-95d8-5ec64ffab81f	Mertensia_virginica_774e45cf-694c-4a1f-95d8-5ec64ffab81f.jpg	Mertensia_virginica	41.449954	-79.976414	1962.38904109589	143	319.14	8.21580231934786	8.33672535419464	-2.47280926505725
7764fdc2-cb1b-4114-bc44-be8d68025130	Mertensia_virginica_7764fdc2-cb1b-4114-bc44-be8d68025130.jpg	Mertensia_virginica	40.094276	-76.768326	1940.33879781421	125	115.23	10.195208294938	8.72744589050611	-1.50370094676812
776538aa-5398-46d7-b3ab-c0daa1af7037	Mertensia_virginica_776538aa-5398-46d7-b3ab-c0daa1af7037.jpg	Mertensia_virginica	39.871064	-75.595649	1931.33150684932	122	46.17	12.6798798379799	10.1610084672769	1.76895093917847
77805505-3449-4c80-94f3-22ffcf016485	Mertensia_virginica_77805505-3449-4c80-94f3-22ffcf016485.jpg	Mertensia_virginica	39.46065	-77.774383	2005.32876712329	121	114.64	12.7925697763761	10.5410718917847	2.51734407742818
7800dbd2-1218-4ce4-a1bf-d9973bec6054	Mertensia_virginica_7800dbd2-1218-4ce4-a1bf-d9973bec6054.jpg	Mertensia_virginica	40.059544	-76.882291	1946.29863013699	110	102.52	11.9774246911208	12.0395932296912	3.08983602126439
78452afa-8795-4343-86d3-e627103f1bec	Mertensia_virginica_78452afa-8795-4343-86d3-e627103f1bec.jpg	Mertensia_virginica	41.874222	-80.131724	1986.32328767123	119	368.59	8.97658377389113	8.88577405611674	-1.53257745504379
794f3e9a-11e9-408d-9971-4214b4b6a324	Mertensia_virginica_794f3e9a-11e9-408d-9971-4214b4b6a324.jpg	Mertensia_virginica	38.934441	-85.099073	1931.34794520548	128	177.81	13.315729059279	10.2608263293902	2.52609298626582
7a94d312-8d84-412a-83fc-480281be6d73	Mertensia_virginica_7a94d312-8d84-412a-83fc-480281be6d73.jpg	Mertensia_virginica	41.254246	-76.92052	1920.36885245902	136	162.2	7.71295551707347	6.47665027777354	-4.46219825744629
7aa2d76d-f827-4bb1-a2ef-62a93dada9d5	Mertensia_virginica_7aa2d76d-f827-4bb1-a2ef-62a93dada9d5.jpg	Mertensia_virginica	40.019233	-78.569389	1946.3397260274	125	380.32	9.90590250119567	9.9052452147007	1.35453085104624
7aaa80be-4634-49ac-bd70-6b20bdf9feac	Mertensia_virginica_7aaa80be-4634-49ac-bd70-6b20bdf9feac.jpg	Mertensia_virginica	39.131167	-90.626295	1978.29589041096	109	170.88	11.1534801311791	10.7007417778174	-3.58298581838608
7ae22a79-ca72-4b1a-8696-6b6a025f1335	Mertensia_virginica_7ae22a79-ca72-4b1a-8696-6b6a025f1335.jpg	Mertensia_virginica	40.251049	-74.997068	1954.35068493151	129	34.51	11.5173642411828	10.2916726370653	2.08433271447817
7b812ebd-bc3c-4c7d-9562-de0865cd7a8b	Mertensia_virginica_7b812ebd-bc3c-4c7d-9562-de0865cd7a8b.jpg	Mertensia_virginica	40.252292	-80.002829	1920.37158469945	137	287.88	9.84482433150212	8.97867963711421	-1.01679931084315
7ccae565-4ff3-49f3-ad5f-b6501f5b8380	Mertensia_virginica_7ccae565-4ff3-49f3-ad5f-b6501f5b8380.jpg	Mertensia_virginica	41.150418	-89.24937	1981.31780821918	117	182.57	10.5637102822463	10.7099075317383	-0.0351516405741374
7d257765-3e56-4b70-afc6-958f421cdf81	Mertensia_virginica_7d257765-3e56-4b70-afc6-958f421cdf81.jpg	Mertensia_virginica	44.040554	-92.8780518	1990.36438356164	134	363.17	8.08947682877382	7.47772528727849	-2.4508113861084
7d358f67-c87a-4442-b962-fd07dbd3bafe	Mertensia_virginica_7d358f67-c87a-4442-b962-fd07dbd3bafe.jpg	Mertensia_virginica	40.2766	-75.681425	1946.32054794521	118	48.39	11.3288374990225	11.1326917211215	2.23457947870096
7dcf1031-433c-4c3d-ab8c-737a0e9d4c9f	Mertensia_virginica_7dcf1031-433c-4c3d-ab8c-737a0e9d4c9f.jpg	Mertensia_virginica	39.131167	-90.626295	1978.29863013699	110	170.88	11.1534801311791	10.7007417778174	-3.58298581838608
7e59144d-893d-4cd8-a87c-78ff07d4e9bb	Mertensia_virginica_7e59144d-893d-4cd8-a87c-78ff07d4e9bb.jpg	Mertensia_virginica	38.951472	-76.693917	2006.28767123288	106	6.34	14.5165233065685	13.460024257501	5.68075521787008
7eae6fe8-de13-46d8-9d7f-25bbd6de011e	Mertensia_virginica_7eae6fe8-de13-46d8-9d7f-25bbd6de011e.jpg	Mertensia_virginica	41.919988	-79.872859	1961.37808219178	139	456.42	8.38925347787639	6.27689719200134	-1.91960072517395
7f086866-fe8d-4bcf-b86b-f55800a447d0	Mertensia_virginica_7f086866-fe8d-4bcf-b86b-f55800a447d0.jpg	Mertensia_virginica	40.293317	-75.412711	1920.60109289617	221	70.48	10.2144212114314	8.78229104479154	-1.47984795769056
7f9f84e5-a34e-40de-a376-f2aa2456aea7	Mertensia_virginica_7f9f84e5-a34e-40de-a376-f2aa2456aea7.jpg	Mertensia_virginica	39.812335	-85.205592	1909.34520547945	127	322.09	10.1959811573227	8.92363997300466	1.23295521736145
7fc9eed4-330e-4e2b-a620-f76c5022ecec	Mertensia_virginica_7fc9eed4-330e-4e2b-a620-f76c5022ecec.jpg	Mertensia_virginica	40.21372	-74.935444	1901.32054794521	118	50.24	11.2891990415131	9.91729377706846	0.571045100688934
816bb37e-9d61-40aa-a8af-50e516c6dbd8	Mertensia_virginica_816bb37e-9d61-40aa-a8af-50e516c6dbd8.jpg	Mertensia_virginica	36.291425	-91.104533	1974.24383561644	90	94.38	14.5433517098427	15.5431575675805	6.96270477771759
826cbdca-58c8-4410-97f2-d6bb8cd3aee1	Mertensia_virginica_826cbdca-58c8-4410-97f2-d6bb8cd3aee1.jpg	Mertensia_virginica	40.362932	-75.486576	1912.37978142077	140	108.47	10.2032746722301	9.54348278045654	-2.44758995374044
8280f15d-dc42-4d7b-9ac2-aaba87210ae6	Mertensia_virginica_8280f15d-dc42-4d7b-9ac2-aaba87210ae6.jpg	Mertensia_virginica	40.845693	-85.794006	1971.31780821918	117	243.86	10.3530685851971	8.14065968990326	-2.44710536797841
82bf104a-e7a0-4373-9391-5847e1296085	Mertensia_virginica_82bf104a-e7a0-4373-9391-5847e1296085.jpg	Mertensia_virginica	40.635267	-85.372072	1898.34794520548	128	246	10.2350360179941	9.85870935519536	0.892531553904215
8384934b-d826-4a92-a56c-485d4954b54f	Mertensia_virginica_8384934b-d826-4a92-a56c-485d4954b54f.jpg	Mertensia_virginica	41.890611	-80.366454	1940.36612021858	135	271.29	7.78905610429744	5.29554176330566	-4.87288684646289
838a6b14-f1bd-4679-8dfd-f06e95ec8d15	Mertensia_virginica_838a6b14-f1bd-4679-8dfd-f06e95ec8d15.jpg	Mertensia_virginica	39.073668	-84.891673	1910.32876712329	121	139.8	11.2036909870803	12.3467462360859	2.46164942284425
83da78e3-d7b3-4346-8a06-224e6827cab0	Mertensia_virginica_83da78e3-d7b3-4346-8a06-224e6827cab0.jpg	Mertensia_virginica	35.913741	-79.048987	1975.27671232877	102	140.55	15.4088273569942	14.0777444839478	7.58047739664714
83f961bd-0aea-49a7-9117-477dbecdf0f4	Mertensia_virginica_83f961bd-0aea-49a7-9117-477dbecdf0f4.jpg	Mertensia_virginica	37.754174	-79.393123	2007.2904109589	107	261.22	13.0696841577689	12.5913335084915	3.62554901838303
844cc545-1ed3-422c-8c78-3b2af1d95350	Mertensia_virginica_844cc545-1ed3-422c-8c78-3b2af1d95350.jpg	Mertensia_virginica	39.898212	-75.355134	1946.30410958904	112	28.81	12.7489484163622	12.4752283940713	3.97399652004242
845437f6-8f44-4606-8b76-1ece2911104f	Mertensia_virginica_845437f6-8f44-4606-8b76-1ece2911104f.jpg	Mertensia_virginica	39.875992	-75.418753	1937.32876712329	121	10.72	12.2519254870713	10.4378237922986	3.16538735230764
846d3e52-329d-49e2-93b4-066d8b18e1bb	Mertensia_virginica_846d3e52-329d-49e2-93b4-066d8b18e1bb.jpg	Mertensia_virginica	40.491458	-79.904773	1900.32054794521	118	226.98	11.0012155895432	8.79083395004272	-0.970309416453044
84cc3d59-2833-4b14-96a6-c30466c7fa19	Mertensia_virginica_84cc3d59-2833-4b14-96a6-c30466c7fa19.jpg	Mertensia_virginica	40.103534	-78.554017	1946.3397260274	125	370.8	9.90590250119567	9.9052452147007	1.35453085104624
84e6f452-2a08-484f-9af1-bc6c39abecb5	Mertensia_virginica_84e6f452-2a08-484f-9af1-bc6c39abecb5.jpg	Mertensia_virginica	40.17222	-79.76944	1992.32240437158	119	297.57	11.1403501952688	10.4109912713369	2.1132607460022
852694dd-460b-41e9-b05b-afce13f584f6	Mertensia_virginica_852694dd-460b-41e9-b05b-afce13f584f6.jpg	Mertensia_virginica	39.131167	-90.626295	1978.29863013699	110	170.88	11.1534801311791	10.7007417778174	-3.58298581838608
852f455f-58fa-496a-837a-6474a2e31cb4	Mertensia_virginica_852f455f-58fa-496a-837a-6474a2e31cb4.jpg	Mertensia_virginica	39.0787139	-77.339125	1982.27123287671	100	57.34	12.6272916225716	12.0975751293202	1.78277947629491
85d287c1-d932-4bbd-b2b5-07e34380f710	Mertensia_virginica_85d287c1-d932-4bbd-b2b5-07e34380f710.jpg	Mertensia_virginica	39.896426	-80.084769	1938.27123287671	100	371.18	11.4851262643933	11.6441616217295	3.37422643105189
863f08ca-2cd8-4b2d-94d7-5c25a523b785	Mertensia_virginica_863f08ca-2cd8-4b2d-94d7-5c25a523b785.jpg	Mertensia_virginica	36.291425	-91.104533	1981.23561643836	87	94.38	14.7002165267865	14.9599192539851	5.65536487102509
868abebd-0353-4c20-b15f-d4938647ba01	Mertensia_virginica_868abebd-0353-4c20-b15f-d4938647ba01.jpg	Mertensia_virginica	39.4176389	-77.3629667	1956.30054644809	111	72.97	12.1631620277961	10.4857363303502	2.44421351949374
873728f4-aa3b-4b00-8311-52a2213c7401	Mertensia_virginica_873728f4-aa3b-4b00-8311-52a2213c7401.jpg	Mertensia_virginica	40.577592	-77.884654	1953.33150684932	122	204.62	10.6582898249229	9.61815728743871	1.51750675837199
87417c51-9a41-45da-be1c-5e9fb7a8159e	Mertensia_virginica_87417c51-9a41-45da-be1c-5e9fb7a8159e.jpg	Mertensia_virginica	39.120697	-86.414893	1931.30136986301	111	203.04	13.1776973667244	10.1079788555702	2.30324850479762
8768324e-f657-4b55-95e1-44921112ff45	Mertensia_virginica_8768324e-f657-4b55-95e1-44921112ff45.jpg	Mertensia_virginica	39.03056	-76.708761	1993.28493150685	105	15.46	12.9611370116472	11.6635934710503	2.57381850481033
87e53202-0d6f-42c6-8788-62c8bf00b7ee	Mertensia_virginica_87e53202-0d6f-42c6-8788-62c8bf00b7ee.jpg	Mertensia_virginica	41.458549	-79.557329	1879.37534246575	138	320.59	8.00224949419498	7.26423885424932	-3.58545921246211
87fa8306-9af2-4673-9658-b94f484fa688	Mertensia_virginica_87fa8306-9af2-4673-9658-b94f484fa688.jpg	Mertensia_virginica	44.48735	-73.23124	1909.39726027397	146	29.57	6.20696467968325	4.3136005004247	-5.43392294645309
885f414b-580c-498f-8abe-acd54cea97f6	Mertensia_virginica_885f414b-580c-498f-8abe-acd54cea97f6.jpg	Mertensia_virginica	40.35233	-89.13183	2006.31780821918	117	211.14	12.3793420543273	12.102284749349	2.60919237136841
88763f36-e916-4c63-8f1a-1897de524273	Mertensia_virginica_88763f36-e916-4c63-8f1a-1897de524273.jpg	Mertensia_virginica	40.134231	-75.443732	1934.36164383562	133	23.34	11.1360661697884	10.1019491751989	-1.0911413282156
88bdcfc7-5f95-4228-bcfd-6d43bfe58829	Mertensia_virginica_88bdcfc7-5f95-4228-bcfd-6d43bfe58829.jpg	Mertensia_virginica	40.29904	-79.48468	1936.37431693989	138	361.53	9.76278435563048	9.64215091864268	-1.865607102712
89aa7ab6-f0dc-44da-a245-cf98ea62a6ce	Mertensia_virginica_89aa7ab6-f0dc-44da-a245-cf98ea62a6ce.jpg	Mertensia_virginica	39.269452	-87.701799	1950.33150684932	122	146.3	10.9156032105287	10.2049311002096	2.17972209056218
8a8a5100-95f3-4911-80e8-abcc77a2fcb9	Mertensia_virginica_8a8a5100-95f3-4911-80e8-abcc77a2fcb9.jpg	Mertensia_virginica	39.232381	-83.344432	1940.34699453552	128	224.29	10.7960407411059	9.63571699460348	-1.50125029683113
8af13320-9504-4416-a547-1d8f68565ed1	Mertensia_virginica_8af13320-9504-4416-a547-1d8f68565ed1.jpg	Mertensia_virginica	39.957973	-80.497797	1984.32786885246	121	272.17	10.6189840262135	8.13724664847056	0.0782360831896464
8c9d55bf-bea2-4c94-b01d-1737afe44c5e	Mertensia_virginica_8c9d55bf-bea2-4c94-b01d-1737afe44c5e.jpg	Mertensia_virginica	40.333959	-79.299757	1902.39726027397	146	359.54	9.49706488847733	9.60872252782186	-1.48102275530497
8f55dee5-5298-48c2-93c6-2eee7e399740	Mertensia_virginica_8f55dee5-5298-48c2-93c6-2eee7e399740.jpg	Mertensia_virginica	39.377508	-85.139704	1931.34246575342	126	213.03	12.5382338451842	9.39536734918753	1.61781734228134
8f9d7dcf-c94d-4da3-a82c-b47b58724b03	Mertensia_virginica_8f9d7dcf-c94d-4da3-a82c-b47b58724b03.jpg	Mertensia_virginica	39.056276	-77.525629	1972.30327868852	112	66.94	12.1202211696655	11.3118140101433	2.93857451528311
90191463-20d3-4673-a667-af3295b9c0e0	Mertensia_virginica_90191463-20d3-4673-a667-af3295b9c0e0.jpg	Mertensia_virginica	38.489128	-90.81762	1937.31232876712	115	202.35	12.004915141811	11.6982193042835	1.14284604787827
903774de-f818-48fb-a36b-ff824b8e43cc	Mertensia_virginica_903774de-f818-48fb-a36b-ff824b8e43cc.jpg	Mertensia_virginica	40.662716	-79.2442319	2008.32513661202	120	305.94	9.76636250068744	8.70831660429637	-0.342217256625493
908cda05-6f80-461c-9cb7-90ad9439935d	Mertensia_virginica_908cda05-6f80-461c-9cb7-90ad9439935d.jpg	Mertensia_virginica	39.16006	-84.376884	1910.27397260274	101	222.7	11.5684750402967	12.6378375589848	2.79108148813248
90c24eb2-f374-464c-92dc-421285cee614	Mertensia_virginica_90c24eb2-f374-464c-92dc-421285cee614.jpg	Mertensia_virginica	40.67387	-80.105701	1913.40273972603	148	314.63	10.6712597763787	9.892188479503	1.59201912085215
91a054dc-ec3d-444b-856b-973358f9c25a	Mertensia_virginica_91a054dc-ec3d-444b-856b-973358f9c25a.jpg	Mertensia_virginica	38.340632	-85.931287	1968.29508196721	109	235.46	12.4633054832617	12.451701849699	1.51125200092793
92688dfc-466f-4bfc-bf38-f62bf0baa10e	Mertensia_virginica_92688dfc-466f-4bfc-bf38-f62bf0baa10e.jpg	Mertensia_virginica	40.840906	-79.810053	1963.36712328767	135	351.48	8.5722358673811	8.93475570281347	-2.83525812625885
931a7ba3-2e5a-4909-bb35-7441eaa49b5a	Mertensia_virginica_931a7ba3-2e5a-4909-bb35-7441eaa49b5a.jpg	Mertensia_virginica	39.099076	-76.775175	1992.34153005464	126	32.54	12.056180652231	10.7997114956379	3.44751123090585
9350ad43-3659-4365-b477-51169e2c677e	Mertensia_virginica_9350ad43-3659-4365-b477-51169e2c677e.jpg	Mertensia_virginica	40.589234	-80.22506	1922.30684931507	113	237.54	10.8992054853588	10.7400305072467	0.639885624249776
93bb2a24-7045-4c5e-a83b-70f8fb266a7c	Mertensia_virginica_93bb2a24-7045-4c5e-a83b-70f8fb266a7c.jpg	Mertensia_virginica	39.996047	-75.355491	1926.36712328767	135	58.38	10.887492117472	9.42124114433924	0.690511508534352
945e1ba0-003f-43f0-9942-b71c22b676ff	Mertensia_virginica_945e1ba0-003f-43f0-9942-b71c22b676ff.jpg	Mertensia_virginica	36.60813	-87.36818	2010.28219178082	104	142.12	15.1384279678265	15.9549368023872	3.49085336923599
9488c990-f4d6-4ebb-9042-ffd7ac4eeb14	Mertensia_virginica_9488c990-f4d6-4ebb-9042-ffd7ac4eeb14.jpg	Mertensia_virginica	39.788461	-75.640072	1897.32328767123	119	35.02	11.4302662412326	10.7804439266523	1.4189887046814
963489c1-1bf6-4f45-ae7d-bcfdd45aeda5	Mertensia_virginica_963489c1-1bf6-4f45-ae7d-bcfdd45aeda5.jpg	Mertensia_virginica	39.871777	-75.591318	1884.35519125683	131	49.99	11.4001634928087	10.1492321789265	1.27672098080317
964f393d-48af-4c22-8f64-83c15d82e643	Mertensia_virginica_964f393d-48af-4c22-8f64-83c15d82e643.jpg	Mertensia_virginica	39.534535	-78.883356	1905.35068493151	129	226.76	9.43408181269964	10.0968087514242	-1.69466022650401
96f26246-34b0-4864-9966-9a7b3496270e	Mertensia_virginica_96f26246-34b0-4864-9966-9a7b3496270e.jpg	Mertensia_virginica	36.540796	-78.96395	1974.23835616438	88	109.91	14.5053847959886	14.7132383907835	8.29799890518188
96f2fa03-342c-4b02-929a-fa430625755d	Mertensia_virginica_96f2fa03-342c-4b02-929a-fa430625755d.jpg	Mertensia_virginica	35.921116	-83.947698	1975.27671232877	102	253.07	14.8354241155709	13.8998018503189	7.30703719456991
970a6255-838b-452c-8d15-4298f137ce07	Mertensia_virginica_970a6255-838b-452c-8d15-4298f137ce07.jpg	Mertensia_virginica	40.335658	-74.949998	1954.31232876712	115	58.48	11.5173642411828	10.2916726370653	2.08433271447817
98349a4b-7546-4200-8127-6b0084141f6b	Mertensia_virginica_98349a4b-7546-4200-8127-6b0084141f6b.jpg	Mertensia_virginica	39.830785	-77.90328	1845.2904109589	107	165.82	10.6124726384878	10.5457912286123	1.79921828707059
987092cf-4572-487d-a578-5313b8960ddc	Mertensia_virginica_987092cf-4572-487d-a578-5313b8960ddc.jpg	Mertensia_virginica	40.269225	-75.783857	1940.35245901639	130	41.95	9.45643069843451	7.81757406393687	-2.10834357639154
988d8c8c-faa6-4150-8e10-c54390da89c2	Mertensia_virginica_988d8c8c-faa6-4150-8e10-c54390da89c2.jpg	Mertensia_virginica	38.971549	-76.587394	1994.2904109589	107	36.21	13.4681112617254	12.8566405574481	1.81051828463872
990a6648-c91b-44b9-b337-acd25a57da30	Mertensia_virginica_990a6648-c91b-44b9-b337-acd25a57da30.jpg	Mertensia_virginica	39.106451	-88.803551	1979.35068493151	129	185.25	10.5908628180623	10.8652471701304	-2.8868309656779
990d37d0-f4e8-4765-a943-5db146dec8da	Mertensia_virginica_990d37d0-f4e8-4765-a943-5db146dec8da.jpg	Mertensia_virginica	38.96676	-77.04616	1905.40273972603	148	48.29	12.1001939103007	12.6558161576589	0.796241044998169
99999330-4687-41c9-a8e8-3c69d1ae8144	Mertensia_virginica_99999330-4687-41c9-a8e8-3c69d1ae8144.jpg	Mertensia_virginica	37.831537	-87.992938	2021.27397260274	101	111.51	14.8662633473674	14.5032897392909	4.14653620123863
99b7fe71-97f3-4235-b49d-a59f8907edaa	Mertensia_virginica_99b7fe71-97f3-4235-b49d-a59f8907edaa.jpg	Mertensia_virginica	39.404464	-88.08228	2010.28767123288	106	204.57	12.4883587186535	13.9643835226695	-0.247280240058899
9a29e0a4-a1c0-44f6-a07f-738964221656	Mertensia_virginica_9a29e0a4-a1c0-44f6-a07f-738964221656.jpg	Mertensia_virginica	40.99407	-79.63046	1995.34246575342	126	287.61	9.51434871678551	8.8245159437259	-0.563148140907288
9abb95e1-6422-4788-b7e8-22ef93ffd215	Mertensia_virginica_9abb95e1-6422-4788-b7e8-22ef93ffd215.jpg	Mertensia_virginica	39.861576	-75.267284	1895.31232876712	115	3.67	11.4210372455418	10.3017840534449	-0.774125496546427
9b44c298-3ff6-4801-b120-b7dab490da38	Mertensia_virginica_9b44c298-3ff6-4801-b120-b7dab490da38.jpg	Mertensia_virginica	40.581332	-77.890179	1953.33150684932	122	202.77	10.6582898249229	9.61815728743871	1.51750675837199
9b9ef324-f4a7-42de-b2d7-81f2e88e227d	Mertensia_virginica_9b9ef324-f4a7-42de-b2d7-81f2e88e227d.jpg	Mertensia_virginica	39.615379	-76.157748	1995.29863013699	110	48.95	12.2359812197586	11.650122538209	2.83678845564524
9bbee9bc-9a3e-4d6d-a3e4-8a51e7e125a2	Mertensia_virginica_9bbee9bc-9a3e-4d6d-a3e4-8a51e7e125a2.jpg	Mertensia_virginica	41.87621	-79.15327	1943.38630136986	142	371.09	6.74105920984099	5.00597451378902	-3.51634694884221
9be26f34-9266-47b7-a5d2-36650be60a04	Mertensia_virginica_9be26f34-9266-47b7-a5d2-36650be60a04.jpg	Mertensia_virginica	44.3162221	-92.1592401	1977.32876712329	121	245.04	7.48546570663651	11.2326282660166	-6.33255839347839
9d44e6d0-bcee-4dae-99cd-9a2f3006f9c9	Mertensia_virginica_9d44e6d0-bcee-4dae-99cd-9a2f3006f9c9.jpg	Mertensia_virginica	39.788368	-75.636863	1890.33698630137	124	70.27	11.7900947034359	9.981068054835	3.91684607664744
9d655268-8f84-48a3-b4b2-7ebdd47f97dc	Mertensia_virginica_9d655268-8f84-48a3-b4b2-7ebdd47f97dc.jpg	Mertensia_virginica	39.983382	-76.354127	1890.32054794521	118	59.59	11.5898080890377	9.85129530231158	3.63694346944491
9d8b7839-556c-4d00-b364-80d1c0cd9685	Mertensia_virginica_9d8b7839-556c-4d00-b364-80d1c0cd9685.jpg	Mertensia_virginica	38.749999	-85.418913	1932.28961748634	107	254.11	12.8909684183697	11.0447690089544	4.67238728205363
9de71208-7f4d-4813-9f70-068b9c60667d	Mertensia_virginica_9de71208-7f4d-4813-9f70-068b9c60667d.jpg	Mertensia_virginica	40.798676	-79.995337	1914.35890410959	132	295.52	9.05352566204965	8.03172439336777	-2.33899823824565
9e4627b9-8b6c-4960-984d-4f2822d6e4c9	Mertensia_virginica_9e4627b9-8b6c-4960-984d-4f2822d6e4c9.jpg	Mertensia_virginica	40.237309	-75.452609	1915.30136986301	111	36.54	11.4796445382138	10.0335255861282	1.63275982439518
9e8ab4c7-1cc9-461e-8c0c-8dbde70d0520	Mertensia_virginica_9e8ab4c7-1cc9-461e-8c0c-8dbde70d0520.jpg	Mertensia_virginica	40.224691	-77.215048	1948.3087431694	114	125.81	10.9939982282619	11.0009573101997	-0.0974618593851725
9ef16533-b0e2-4c7d-8143-499290326461	Mertensia_virginica_9ef16533-b0e2-4c7d-8143-499290326461.jpg	Mertensia_virginica	39.7014	-88.0327	1972.31693989071	117	198.27	11.0484796948731	11.4781666994095	0.404047707716624
9f1e1105-a892-47c5-a194-2a89ec76796b	Mertensia_virginica_9f1e1105-a892-47c5-a194-2a89ec76796b.jpg	Mertensia_virginica	40.339433	-75.438684	1936.31420765027	116	78.21	10.7306815149883	10.9352682828903	-0.73759925365448
a04cc1e9-1d7e-45d6-834b-c819c3f4da92	Mertensia_virginica_a04cc1e9-1d7e-45d6-834b-c819c3f4da92.jpg	Mertensia_virginica	39.830785	-77.90328	1845.2904109589	107	165.82	10.6124726384878	10.5457912286123	1.79921828707059
a11a6450-c752-4498-8aaf-0f00e197927d	Mertensia_virginica_a11a6450-c752-4498-8aaf-0f00e197927d.jpg	Mertensia_virginica	40.797054	-80.001579	1917.37808219178	139	289.49	7.84399821795523	7.47930835932493	-1.60353867957989
a11f56cf-5000-4cd9-bf1f-06dfe0af5438	Mertensia_virginica_a11f56cf-5000-4cd9-bf1f-06dfe0af5438.jpg	Mertensia_virginica	40.21408	-79.96023	2005.33150684932	122	224.67	12.0197688490152	9.71823525428772	1.74063767989477
a39e1248-7659-4522-80ae-28c892af41ba	Mertensia_virginica_a39e1248-7659-4522-80ae-28c892af41ba.jpg	Mertensia_virginica	41.943414	-75.599627	1947.39178082192	144	288.09	7.29635716726383	5.30870352188746	-3.94763848185539
a40789ab-2a1e-4cee-88c8-f0964cca2a26	Mertensia_virginica_a40789ab-2a1e-4cee-88c8-f0964cca2a26.jpg	Mertensia_virginica	37.754174	-79.393123	2007.28493150685	105	261.22	13.0696841577689	12.5913335084915	3.62554901838303
a44246e4-d07a-4a55-81cc-f8acf8cecea4	Mertensia_virginica_a44246e4-d07a-4a55-81cc-f8acf8cecea4.jpg	Mertensia_virginica	39.0805	-76.7638	2011.25753424658	95	27.87	13.7311937684814	13.2639237046242	2.77995128929615
a487f149-117a-48d0-86da-cd5fd3132482	Mertensia_virginica_a487f149-117a-48d0-86da-cd5fd3132482.jpg	Mertensia_virginica	39.968147	-80.44975	1985.2904109589	107	306.3	10.6901983196537	11.6031181414922	-0.293381750583649
a548cce3-2c40-4ff8-a3e2-109e1ee7c4a0	Mertensia_virginica_a548cce3-2c40-4ff8-a3e2-109e1ee7c4a0.jpg	Mertensia_virginica	40.272858	-75.518279	1915.30136986301	111	58.4	10.5964588907858	9.16975216070811	0.599776188532511
a6987c56-cd69-45cb-8517-6cff9d4212b0	Mertensia_virginica_a6987c56-cd69-45cb-8517-6cff9d4212b0.jpg	Mertensia_virginica	40.191678	-80.449415	1940.39071038251	144	271.95	9.13645441566283	7.68901213010152	-3.00665441155434
a7d453cd-578a-4b73-aada-a8246c6efcae	Mertensia_virginica_a7d453cd-578a-4b73-aada-a8246c6efcae.jpg	Mertensia_virginica	39.747431	-80.046608	1950.32328767123	119	266.73	10.5318022631109	9.0983133961757	3.31270690759023
a7f93ec9-949a-4926-9de4-1018cff79477	Mertensia_virginica_a7f93ec9-949a-4926-9de4-1018cff79477.jpg	Mertensia_virginica	39.989977	-78.518531	1946.30136986301	111	342.73	10.306843932718	10.3394522666931	1.81454241275787
aa2ad544-5cf8-49f7-8fd7-bb7777a9f7f1	Mertensia_virginica_aa2ad544-5cf8-49f7-8fd7-bb7777a9f7f1.jpg	Mertensia_virginica	39.046564	-76.796692	1938.27945205479	103	26.11	12.8745428708692	12.4808487097422	4.15402751664321
aa38a2eb-3af2-4995-a572-3bd64e2fdc61	Mertensia_virginica_aa38a2eb-3af2-4995-a572-3bd64e2fdc61.jpg	Mertensia_virginica	40.393235	-79.724161	1933.30684931507	113	297.92	10.973462534758	9.92200416326523	1.57461621363958
aacf774f-5176-4133-952c-f068e0586044	Mertensia_virginica_aacf774f-5176-4133-952c-f068e0586044.jpg	Mertensia_virginica	35.898655	-79.033589	1987.2904109589	107	86.65	15.0179540241758	14.3905485769113	5.674102216959
ab1dd3e5-75d7-4697-99f3-a856500acd59	Mertensia_virginica_ab1dd3e5-75d7-4697-99f3-a856500acd59.jpg	Mertensia_virginica	39.78794	-75.640897	1896.35519125683	131	42.19	11.5625699882706	11.0343967278798	0.146082758903503
ab4e5af1-5a4e-4a2c-b34d-41a71a22de07	Mertensia_virginica_ab4e5af1-5a4e-4a2c-b34d-41a71a22de07.jpg	Mertensia_virginica	43.76582	-91.88081	1996.36612021858	135	238.74	5.63107540458441	4.72319062550863	-7.98173669974009
ab7139a5-53f5-488c-82aa-4b019d5a8586	Mertensia_virginica_ab7139a5-53f5-488c-82aa-4b019d5a8586.jpg	Mertensia_virginica	39.852666	-75.592312	1901.39452054795	145	44.45	11.0186993954703	9.93991572285692	0.319924837599198
ac81f790-4f5f-4b05-89b3-0a530abe9b03	Mertensia_virginica_ac81f790-4f5f-4b05-89b3-0a530abe9b03.jpg	Mertensia_virginica	40.221172	-76.804502	1961.34246575342	126	134.54	11.3733538084974	9.63906822601954	0.59728463490804
ad7e53e6-8cd9-4578-b495-aaa4c725b20d	Mertensia_virginica_ad7e53e6-8cd9-4578-b495-aaa4c725b20d.jpg	Mertensia_virginica	41.656532	-76.264478	1956.34426229508	127	197.72	7.60427050292492	5.06629705429077	-3.01332352558772
af88ad82-69d0-4b6c-bc2b-f4496c612382	Mertensia_virginica_af88ad82-69d0-4b6c-bc2b-f4496c612382.jpg	Mertensia_virginica	40.119457	-75.232922	1940.32240437158	119	103.04	10.3870972804725	8.64826552073161	-1.0627388805151
af967dc5-cb74-4414-8c22-dd8965fd6534	Mertensia_virginica_af967dc5-cb74-4414-8c22-dd8965fd6534.jpg	Mertensia_virginica	39.652865	-78.762518	1903.2602739726	96	190.25	9.37924467151364	11.0891504685084	1.52819631497065
afe186a8-0abb-463b-aa0c-957e88cd994d	Mertensia_virginica_afe186a8-0abb-463b-aa0c-957e88cd994d.jpg	Mertensia_virginica	38.977012	-77.193299	1975.26849315068	99	44.87	13.3576496591171	11.6055978337924	4.12423245112101
afe738a6-d325-42ba-9eb5-62c81d7d966c	Mertensia_virginica_afe738a6-d325-42ba-9eb5-62c81d7d966c.jpg	Mertensia_virginica	40.552103	-80.30381	1952.30054644809	111	243.73	11.0181666466718	9.51249437530836	1.58038883407911
b109b10d-1c35-4e05-8771-908817fbe756	Mertensia_virginica_b109b10d-1c35-4e05-8771-908817fbe756.jpg	Mertensia_virginica	41.13858	-80.485238	1958.40273972603	148	313.48	8.80081551273664	8.60837755600611	-2.25361457467079
b15c14ac-8822-4304-bf10-3845df30e024	Mertensia_virginica_b15c14ac-8822-4304-bf10-3845df30e024.jpg	Mertensia_virginica	39.998371	-78.27364	1946.3397260274	125	323.36	10.6473696356018	10.669310549895	2.01399195194244
b1c39231-faea-4511-90f0-0ae74e15328e	Mertensia_virginica_b1c39231-faea-4511-90f0-0ae74e15328e.jpg	Mertensia_virginica	44.2597394	-92.4813492	1997.34246575342	126	259.59	6.8821201423804	5.55759318669637	-6.57020006577174
b3348e07-cbf3-4c61-8269-cca0ab6634b9	Mertensia_virginica_b3348e07-cbf3-4c61-8269-cca0ab6634b9.jpg	Mertensia_virginica	37.551245	-80.020878	1974.30410958904	112	360.29	11.6220329621186	11.9299227024118	5.50926356514295
b3611183-523c-4018-801a-527d4c17a3cc	Mertensia_virginica_b3611183-523c-4018-801a-527d4c17a3cc.jpg	Mertensia_virginica	39.754808	-78.501153	1946.27123287671	100	333.48	10.306843932718	10.3394522666931	1.81454241275787
b413c2ac-8956-4df8-99f3-39cd6a9612e8	Mertensia_virginica_b413c2ac-8956-4df8-99f3-39cd6a9612e8.jpg	Mertensia_virginica	40.265691	-80.130556	1930.32054794521	118	291.64	10.7117345581452	9.91524430116018	1.5872588356336
b4d887f0-a5f9-4e68-bfd7-1cd024245b8b	Mertensia_virginica_b4d887f0-a5f9-4e68-bfd7-1cd024245b8b.jpg	Mertensia_virginica	40.20241	-75.450377	1953.29589041096	109	34.09	12.6466613809268	11.3582033614318	3.61760884026686
b5f98bcf-80f1-4216-b9ec-67dbe34bad3d	Mertensia_virginica_b5f98bcf-80f1-4216-b9ec-67dbe34bad3d.jpg	Mertensia_virginica	39.131712	-76.919092	1956.32786885246	121	81.6	12.3879853400091	10.5826422770818	2.65832330286503
b725f28c-43b0-4b25-9225-a0de5c61092f	Mertensia_virginica_b725f28c-43b0-4b25-9225-a0de5c61092f.jpg	Mertensia_virginica	40.09722	-79.65556	1992.32240437158	119	307.92	10.5861572672923	9.88285341858864	1.56598620613416
b72a6103-8be1-467c-97a4-0722d45a8c31	Mertensia_virginica_b72a6103-8be1-467c-97a4-0722d45a8c31.jpg	Mertensia_virginica	36.34333	-79.205574	2009.24931506849	92	141.15	14.6112821710606	14.5010342796644	5.79972761869431
b77bfc29-bf7d-4f1e-a234-e13a101ee8c6	Mertensia_virginica_b77bfc29-bf7d-4f1e-a234-e13a101ee8c6.jpg	Mertensia_virginica	39.05797	-77.005984	1975.29315068493	108	104.65	12.8172248055538	11.0240830381711	3.51513721048832
b787916f-a26b-4399-9425-60de11fed85f	Mertensia_virginica_b787916f-a26b-4399-9425-60de11fed85f.jpg	Mertensia_virginica	39.954818	-80.467664	1941.32876712329	121	270.71	10.6649017011126	9.2348273396492	-1.64309936761856
b8066d85-8642-402e-a671-beff3f180e10	Mertensia_virginica_b8066d85-8642-402e-a671-beff3f180e10.jpg	Mertensia_virginica	36.439249	-79.515165	1985.2904109589	107	138.58	14.8386960551143	15.6614164908727	5.51900203029315
b83e98cf-ad4c-466f-93d0-d7bec0935582	Mertensia_virginica_b83e98cf-ad4c-466f-93d0-d7bec0935582.jpg	Mertensia_virginica	39.927292	-77.032101	1946.29315068493	108	126.49	11.9490525958439	12.0414077887932	3.23141426841418
b90d2fe1-3bd7-4f73-8fb6-5842f3f18093	Mertensia_virginica_b90d2fe1-3bd7-4f73-8fb6-5842f3f18093.jpg	Mertensia_virginica	40.1466666667	-79.7458333333	1993.28493150685	105	232.06	10.9678976709644	9.91209895908833	0.84116268157959
b93c6125-feb4-46d9-ba8f-119893561455	Mertensia_virginica_b93c6125-feb4-46d9-ba8f-119893561455.jpg	Mertensia_virginica	39.421018	-87.107619	1917.32876712329	121	175.39	9.91070790340503	9.91395270824432	0.672424723704656
b966ecc1-a04c-4bf2-9921-43d4f08294f9	Mertensia_virginica_b966ecc1-a04c-4bf2-9921-43d4f08294f9.jpg	Mertensia_virginica	39.132576	-76.915908	1972.3306010929	122	95.66	12.1065393400689	11.1345781981945	2.89774486919244
b9d60132-0b5c-4594-95f6-6ffcf2f21420	Mertensia_virginica_b9d60132-0b5c-4594-95f6-6ffcf2f21420.jpg	Mertensia_virginica	38.895478	-78.66701	2006.28493150685	105	304.7	12.2530571694175	11.0572131673495	3.54561880230904
ba397c72-f96a-44a2-bc39-5ca7b06972f4	Mertensia_virginica_ba397c72-f96a-44a2-bc39-5ca7b06972f4.jpg	Mertensia_virginica	39.169032	-78.174338	1968.27868852459	103	220.35	11.6333482439319	11.6169788042704	1.38139433662097
bb1582aa-65ca-4bb3-8acd-f848af819049	Mertensia_virginica_bb1582aa-65ca-4bb3-8acd-f848af819049.jpg	Mertensia_virginica	37.84	-84.65	1977.26301369863	97	200.25	12.9120366933445	15.0572312672933	1.47018814086914
bde1bdea-0dc7-470e-b063-25526d8bdaf0	Mertensia_virginica_bde1bdea-0dc7-470e-b063-25526d8bdaf0.jpg	Mertensia_virginica	40.292111	-79.40325	1936.33333333333	123	337.21	9.76278435563048	9.64215091864268	-1.865607102712
be1612ad-9eab-4726-a0ed-ca5898b58126	Mertensia_virginica_be1612ad-9eab-4726-a0ed-ca5898b58126.jpg	Mertensia_virginica	39.900505	-79.89441	1950.33424657534	123	279.76	10.6683011862139	9.13017509877682	3.21028850475947
bed96c24-d882-442e-bb5c-044ebc484371	Mertensia_virginica_bed96c24-d882-442e-bb5c-044ebc484371.jpg	Mertensia_virginica	36.525029	-78.974925	1974.23835616438	88	109.7	14.5053847959886	14.7132383907835	8.29799890518188
bfb38aee-9561-4ddd-937f-19bea5d358d0	Mertensia_virginica_bfb38aee-9561-4ddd-937f-19bea5d358d0.jpg	Mertensia_virginica	38.9359	-77.280917	2018.26575342466	98	89.83	13.7623341605067	12.4077090819677	3.5192682047685
c0422497-cdcb-47bd-9d9d-54a286b1ade7	Mertensia_virginica_c0422497-cdcb-47bd-9d9d-54a286b1ade7.jpg	Mertensia_virginica	38.763917	-85.20354	1918.32876712329	121	191.55	11.9084153225025	12.9898299773534	0.205614417791367
c07dab29-0c6f-41cf-a9bd-65ff732234d4	Mertensia_virginica_c07dab29-0c6f-41cf-a9bd-65ff732234d4.jpg	Mertensia_virginica	39.954821	-80.466479	1941.32876712329	121	270.96	10.6649017011126	9.2348273396492	-1.64309936761856
c1aea119-f1ce-415a-9b83-f86d158ed193	Mertensia_virginica_c1aea119-f1ce-415a-9b83-f86d158ed193.jpg	Mertensia_virginica	39.6348	-87.48127	2014.29589041096	109	148.42	10.8947649138669	11.5273881355921	-2.55454717079798
c1af8a2e-47e0-4e55-888b-71e498fba947	Mertensia_virginica_c1af8a2e-47e0-4e55-888b-71e498fba947.jpg	Mertensia_virginica	38.951411	-76.693642	1997.26575342466	98	7.74	13.2700943090022	12.0897147258123	5.11510927478472
c225bba0-c51b-417e-9419-b18dea109223	Mertensia_virginica_c225bba0-c51b-417e-9419-b18dea109223.jpg	Mertensia_virginica	39.030106	-77.00606	1976.2349726776	87	63.09	11.997868069758	12.577762444814	4.47471431394418
c35d3d21-57a4-45e4-ba22-eca172596aee	Mertensia_virginica_c35d3d21-57a4-45e4-ba22-eca172596aee.jpg	Mertensia_virginica	38.258862	-78.832629	2006.24931506849	92	333.92	13.1072429145376	12.1084357500076	4.66549827655156
c3649742-02f6-47aa-96c9-0361db693c52	Mertensia_virginica_c3649742-02f6-47aa-96c9-0361db693c52.jpg	Mertensia_virginica	41.404084	-79.856437	1963.36164383562	133	298.46	7.74702417074392	7.93913106123606	-3.98356759548187
c3ea0c81-bd83-415a-8108-d3fbb78008ca	Mertensia_virginica_c3ea0c81-bd83-415a-8108-d3fbb78008ca.jpg	Mertensia_virginica	36.033	-87.626	2004.34699453552	128	164.16	14.7187136796614	15.5108942290147	5.96688288450241
c43ffa13-b310-4181-9d88-3f33600175a8	Mertensia_virginica_c43ffa13-b310-4181-9d88-3f33600175a8.jpg	Mertensia_virginica	41.117536	-77.498029	1956.36338797814	134	169.69	9.05211785187324	6.89153941472371	-1.26852240165075
c49a8b15-d814-4cf8-899f-bcd0852cbaef	Mertensia_virginica_c49a8b15-d814-4cf8-899f-bcd0852cbaef.jpg	Mertensia_virginica	40.486117	-80.092551	1899.31780821918	117	337.55	10.5435299190382	10.5589979290962	-1.20004237194856
c4b491ca-b3dc-4490-88d8-9f1efad2d940	Mertensia_virginica_c4b491ca-b3dc-4490-88d8-9f1efad2d940.jpg	Mertensia_virginica	39.122097	-76.996272	1967.30410958904	112	145.55	11.7541504688561	10.6696137388547	2.79585508008798
c61c4b58-3953-49c1-b803-f9451ff2b1cf	Mertensia_virginica_c61c4b58-3953-49c1-b803-f9451ff2b1cf.jpg	Mertensia_virginica	40.11273	-75.406714	1906.34246575342	126	20.32	11.7688600284358	9.91675100723902	1.28447893758615
c6c50297-db3d-4195-999c-1403214a491d	Mertensia_virginica_c6c50297-db3d-4195-999c-1403214a491d.jpg	Mertensia_virginica	38.998861	-76.724287	1986.29315068493	108	11.36	13.5148085157077	13.2349984745185	3.43840619921684
c6d75d8f-2750-4dda-9e04-88d2eb88ea83	Mertensia_virginica_c6d75d8f-2750-4dda-9e04-88d2eb88ea83.jpg	Mertensia_virginica	38.9796194	-76.9378528	1984.33333333333	123	27.67	13.0926467056076	10.9032388031483	2.57414331038793
c6fb3e66-ef2a-4493-beba-3315d79b0d4e	Mertensia_virginica_c6fb3e66-ef2a-4493-beba-3315d79b0d4e.jpg	Mertensia_virginica	39.881274	-80.431921	1983.34520547945	127	300.65	10.7531246989965	9.43087673187256	2.13435910145442
c7bcbdca-5cfa-42c3-a40a-8f79eba9f4cf	Mertensia_virginica_c7bcbdca-5cfa-42c3-a40a-8f79eba9f4cf.jpg	Mertensia_virginica	38.9707917	-77.1605833	1965.34794520548	128	19.38	12.8326426123579	11.9592403570811	2.55938163399696
c8036c32-ef5d-42db-9303-c501ba0de04d	Mertensia_virginica_c8036c32-ef5d-42db-9303-c501ba0de04d.jpg	Mertensia_virginica	40.42778	-79.69667	1992.32240437158	119	277.18	10.1953673077126	9.42286588748296	1.06106456120809
c85bd647-97c9-4764-9a84-039e6116d436	Mertensia_virginica_c85bd647-97c9-4764-9a84-039e6116d436.jpg	Mertensia_virginica	39.960664	-75.605488	1882.35068493151	129	137.3	11.195128540198	9.28992340962092	2.29449526468913
c947f024-efc4-4464-aec3-7f5a22acb25b	Mertensia_virginica_c947f024-efc4-4464-aec3-7f5a22acb25b.jpg	Mertensia_virginica	39.178994	-77.412764	1989.26575342466	98	159.38	12.3438320228209	11.407434605062	3.85119925191005
ca9d6534-2645-460c-b57d-9f4ba37cdac0	Mertensia_virginica_ca9d6534-2645-460c-b57d-9f4ba37cdac0.jpg	Mertensia_virginica	40.776204	-77.058868	1939.33698630137	124	152.84	10.1825620916982	9.08260237673918	0.0574033210674922
cb5db4a1-485b-4888-967a-0d391cb9150f	Mertensia_virginica_cb5db4a1-485b-4888-967a-0d391cb9150f.jpg	Mertensia_virginica	36.025494	-80.020465	2001.28219178082	104	272.21	15.169817874829	14.4151378075282	6.22059992949168
cbdc2090-d3be-4266-8a68-1e59dd30458e	Mertensia_virginica_cbdc2090-d3be-4266-8a68-1e59dd30458e.jpg	Mertensia_virginica	40.2069444444	-79.7611111111	1993.28493150685	105	315.19	11.5249017545333	10.459215109547	1.45390925804774
cc1424a2-e607-4101-977d-10b0da781203	Mertensia_virginica_cc1424a2-e607-4101-977d-10b0da781203.jpg	Mertensia_virginica	40.124668	-74.904832	1958.2904109589	107	10.41	11.0427343336244	10.4023274580638	0.337455774346987
cd28ae8b-527b-4b37-a938-88ab6ddcb5c1	Mertensia_virginica_cd28ae8b-527b-4b37-a938-88ab6ddcb5c1.jpg	Mertensia_virginica	40.280367	-76.694958	1938.32054794521	118	99.26	11.3473108274241	10.8044555385907	1.82977608839671
ced88cb8-7e2e-46e0-a297-0920a0c0dfeb	Mertensia_virginica_ced88cb8-7e2e-46e0-a297-0920a0c0dfeb.jpg	Mertensia_virginica	40.362932	-75.486576	1912.37978142077	140	108.47	10.2032746722301	9.54348278045654	-2.44758995374044
cf52c3d2-d7c0-45f5-88f9-3d15c7987ba3	Mertensia_virginica_cf52c3d2-d7c0-45f5-88f9-3d15c7987ba3.jpg	Mertensia_virginica	38.994913	-77.077205	1956.29234972678	108	77.6	12.8958487392714	11.1962400078773	3.29272524515788
cf7acb69-3eae-4e2b-b2bc-5fedcf8d1f83	Mertensia_virginica_cf7acb69-3eae-4e2b-b2bc-5fedcf8d1f83.jpg	Mertensia_virginica	40.269296	-75.781305	1940.35245901639	130	54.51	9.45643069843451	7.81757406393687	-2.10834357639154
d066da77-9f6a-4be1-9793-c72171b44594	Mertensia_virginica_d066da77-9f6a-4be1-9793-c72171b44594.jpg	Mertensia_virginica	40.695344	-80.304785	1930.33424657534	123	241.73	10.5938739984607	9.72144617636999	1.20940331617991
d0799f28-312d-495d-8687-60167a8f6ff9	Mertensia_virginica_d0799f28-312d-495d-8687-60167a8f6ff9.jpg	Mertensia_virginica	41.049718	-80.306786	1958.36164383562	133	272.01	8.80081551273664	8.60837755600611	-2.25361457467079
d0f68dd1-1db0-4fb0-9399-bcea755fffd7	Mertensia_virginica_d0f68dd1-1db0-4fb0-9399-bcea755fffd7.jpg	Mertensia_virginica	39.732207	-104.961468	1998.18630136986	69	1642.61	10.7385226773719	8.79498199621836	2.13178028662999
d169ccc0-b172-48b1-9deb-dd31f272d208	Mertensia_virginica_d169ccc0-b172-48b1-9deb-dd31f272d208.jpg	Mertensia_virginica	41.439278	-75.840916	1937.35068493151	129	193.6	8.55734874432286	6.53320386012395	-1.17184487978617
d1743034-f2f8-4415-a36b-4ffe4a1c164a	Mertensia_virginica_d1743034-f2f8-4415-a36b-4ffe4a1c164a.jpg	Mertensia_virginica	40.477287	-86.132916	1935.29863013699	110	249.8	9.923155374825	9.48987098534902	1.16352291901906
d19cca45-0241-4ff2-955f-c836829ff720	Mertensia_virginica_d19cca45-0241-4ff2-955f-c836829ff720.jpg	Mertensia_virginica	41.063951	-80.056447	1912.34426229508	127	395.89	8.48455233251055	8.25796604156494	-5.33958125114441
d41d2c7f-e1f8-436c-9d3e-8b0b09030569	Mertensia_virginica_d41d2c7f-e1f8-436c-9d3e-8b0b09030569.jpg	Mertensia_virginica	40.513186	-79.460342	2009.32602739726	120	253.05	9.87881388763587	10.0661698579788	-0.503497282663981
d477b6a1-d51b-4de2-9a14-654373c7255f	Mertensia_virginica_d477b6a1-d51b-4de2-9a14-654373c7255f.jpg	Mertensia_virginica	40.592271	-79.907355	1914.33424657534	123	356.34	9.52524649165571	8.50819551944733	-1.77822482585907
d60438c0-bb5c-4662-b843-2de542c3f6d1	Mertensia_virginica_d60438c0-bb5c-4662-b843-2de542c3f6d1.jpg	Mertensia_virginica	39.023895	-76.700457	1992.2868852459	106	13.84	12.539226975292	11.2418325742086	3.88116202751795
d633bfb6-6c5a-44a5-9ac5-faf8cb37898d	Mertensia_virginica_d633bfb6-6c5a-44a5-9ac5-faf8cb37898d.jpg	Mertensia_virginica	40.777702	-79.929115	1983.36438356164	134	391.82	10.0104868759712	8.46579460302989	1.058007756869
d655f441-d89e-43a4-bd33-9c2cc20504b1	Mertensia_virginica_d655f441-d89e-43a4-bd33-9c2cc20504b1.jpg	Mertensia_virginica	40.658088	-80.094007	1915.38356164384	141	323.6	9.93361398205161	8.48088081677755	-0.543622732162476
d669cfc8-4ae3-491a-9c6a-5235f50dfe76	Mertensia_virginica_d669cfc8-4ae3-491a-9c6a-5235f50dfe76.jpg	Mertensia_virginica	39.870297	-75.593892	1901.39452054795	145	46.02	11.0186993954703	9.93991572285692	0.319924837599198
d7612c75-16f1-47c6-9e91-bcf71f901c58	Mertensia_virginica_d7612c75-16f1-47c6-9e91-bcf71f901c58.jpg	Mertensia_virginica	36.293424	-91.102792	1974.24383561644	90	86.84	14.5433517098427	15.5431575675805	6.96270477771759
d841eb9b-ea75-4be6-b378-ebcc66f88417	Mertensia_virginica_d841eb9b-ea75-4be6-b378-ebcc66f88417.jpg	Mertensia_virginica	38.977494	-77.219033	1981.25479452055	94	38.53	12.579205305626	12.3205670714378	2.74228437741598
d8494e72-6fe5-4a34-8bd4-1dfa83c31ae7	Mertensia_virginica_d8494e72-6fe5-4a34-8bd4-1dfa83c31ae7.jpg	Mertensia_virginica	41.05472	-80.31445	1998.31232876712	115	274.38	11.8144004171093	11.0011327465375	3.34942626953125
da871463-4e7f-4b37-95ab-d6962a815278	Mertensia_virginica_da871463-4e7f-4b37-95ab-d6962a815278.jpg	Mertensia_virginica	39.78794	-75.640897	1896.35519125683	131	42.19	11.5625699882706	11.0343967278798	0.146082758903503
db5f0c0c-7713-4160-acfe-d0947a4593f7	Mertensia_virginica_db5f0c0c-7713-4160-acfe-d0947a4593f7.jpg	Mertensia_virginica	40.4537	-85.579943	1955.3397260274	125	251.77	10.7238238751888	11.39362068971	-0.366277416547139
dba6a439-863b-489f-a0d9-e4b060e975ce	Mertensia_virginica_dba6a439-863b-489f-a0d9-e4b060e975ce.jpg	Mertensia_virginica	39.974923	-78.063621	1950.38082191781	140	233.45	10.1063219780723	8.35611492147048	1.70094420512517
dbadfe36-9bbb-495b-89e5-320fbe8c3119	Mertensia_virginica_dbadfe36-9bbb-495b-89e5-320fbe8c3119.jpg	Mertensia_virginica	40.465701	-80.468316	1969.33424657534	123	304.7	10.0247407609907	9.4778115550677	-0.290964235862096
dd54ddd4-b1c1-45fd-b091-ef7ea59bbe70	Mertensia_virginica_dd54ddd4-b1c1-45fd-b091-ef7ea59bbe70.jpg	Mertensia_virginica	40.22924	-79.76996	2010.31780821918	117	251.36	11.8175039415558	12.7164018948873	0.818578660488129
dda44dfa-fe45-49c7-9938-a147ac35c7f7	Mertensia_virginica_dda44dfa-fe45-49c7-9938-a147ac35c7f7.jpg	Mertensia_virginica	40.327924	-80.108451	1900.35616438356	131	274.09	10.9086323678493	8.71935071547826	-1.045667608579
ddbada59-bf46-40f3-ae91-cb18a4b6dd12	Mertensia_virginica_ddbada59-bf46-40f3-ae91-cb18a4b6dd12.jpg	Mertensia_virginica	40.27751	-80.140991	1945.3397260274	125	272.04	10.3811223239948	11.5691541830699	1.22510091463725
de9217a8-7095-4bc9-810c-edb654b28aa3	Mertensia_virginica_de9217a8-7095-4bc9-810c-edb654b28aa3.jpg	Mertensia_virginica	40.511776	-80.364841	1940.33606557377	124	256.47	9.30339592291663	7.63881834348043	-3.08806356787682
df6eeedc-36d6-4137-9a3a-a4103c2488eb	Mertensia_virginica_df6eeedc-36d6-4137-9a3a-a4103c2488eb.jpg	Mertensia_virginica	39.060725	-76.811752	1998.3095890411	114	31.91	14.1393680088222	13.2195453643799	5.57023999591668
df775b65-a649-442a-89c0-de9d7f69df4d	Mertensia_virginica_df775b65-a649-442a-89c0-de9d7f69df4d.jpg	Mertensia_virginica	39.22811	-90.5523	1976.27322404372	101	170.94	11.9004247933626	12.6338492631912	4.26683215300242
df7898b0-5eaa-4610-9d00-d98295a7e737	Mertensia_virginica_df7898b0-5eaa-4610-9d00-d98295a7e737.jpg	Mertensia_virginica	40.674098	-80.103813	1914.3698630137	136	310.57	9.74241038536032	8.74987600247065	-1.55052800973256
df834496-e1b6-4469-a55e-bd83000b868a	Mertensia_virginica_df834496-e1b6-4469-a55e-bd83000b868a.jpg	Mertensia_virginica	38.989679	-76.969264	1973.30410958904	112	21.04	13.7458277295033	12.673186292251	4.40230572223663
e240851a-4226-4e2f-a85e-12a0d2e9fa10	Mertensia_virginica_e240851a-4226-4e2f-a85e-12a0d2e9fa10.jpg	Mertensia_virginica	40.561871	-80.187312	1984.32240437158	119	260.54	10.3306666674713	7.57736836870511	-0.624176422754923
e26663f4-a8e9-4d6c-9454-1948f8aa8adf	Mertensia_virginica_e26663f4-a8e9-4d6c-9454-1948f8aa8adf.jpg	Mertensia_virginica	38.946944	-88.258056	2006.25753424658	95	153.8	13.6499884948134	13.473006884257	4.34619544943174
e3dd820e-8881-4705-97ff-e229a0ead81a	Mertensia_virginica_e3dd820e-8881-4705-97ff-e229a0ead81a.jpg	Mertensia_virginica	39.9301	-76.379406	1891.31232876712	115	86.27	11.4505977357427	9.75439321994781	1.98055816690127
e4d9a787-2a01-4fab-a8cc-196eade84ada	Mertensia_virginica_e4d9a787-2a01-4fab-a8cc-196eade84ada.jpg	Mertensia_virginica	38.9890833	-77.1475083	1993.28219178082	104	46.07	13.0261027216911	11.7063027024269	2.7275088429451
e501809e-4b4c-44f7-ac00-bf4690644ff9	Mertensia_virginica_e501809e-4b4c-44f7-ac00-bf4690644ff9.jpg	Mertensia_virginica	39.124455	-76.684578	1966.34794520548	128	40.64	12.4902548342943	11.48922453324	2.73478033145269
e53b0f08-6c3d-40ba-b58d-ddbd6bb6104c	Mertensia_virginica_e53b0f08-6c3d-40ba-b58d-ddbd6bb6104c.jpg	Mertensia_virginica	40.265828	-75.466175	1906.35890410959	132	60.79	11.0407112489144	9.118691076835	0.413268605868022
e5869e67-b43f-4e07-b7bd-5123828af615	Mertensia_virginica_e5869e67-b43f-4e07-b7bd-5123828af615.jpg	Mertensia_virginica	39.037101	-86.563551	1930.25479452055	94	168.79	12.1445771393677	11.7692792018255	2.02360770106316
e59cd58b-b2de-4580-bc54-884f4c021109	Mertensia_virginica_e59cd58b-b2de-4580-bc54-884f4c021109.jpg	Mertensia_virginica	39.7225	-80.19722	2003.27123287671	100	292.76	10.8998810884853	11.4015367676814	0.136904120445251
e5bed629-90ad-44ce-8a19-302011fd500f	Mertensia_virginica_e5bed629-90ad-44ce-8a19-302011fd500f.jpg	Mertensia_virginica	39.849095	-80.474794	1970.33150684932	122	334.89	10.8340246242781	10.2955077091853	-1.26396833856901
e5ec0b13-8288-48ee-aca4-33cc5076d17f	Mertensia_virginica_e5ec0b13-8288-48ee-aca4-33cc5076d17f.jpg	Mertensia_virginica	38.954934	-86.837074	1917.33150684932	122	159.93	10.3119754542907	10.3217682639758	1.40793512264887
e74444fe-183e-425c-852d-4330aceb3cfe	Mertensia_virginica_e74444fe-183e-425c-852d-4330aceb3cfe.jpg	Mertensia_virginica	41.01795	-89.696787	1897.33698630137	124	199.28	9.78894820809364	8.4780777891477	-2.16549043854078
e77b06a1-ef1c-4147-8b86-5c31304a4b48	Mertensia_virginica_e77b06a1-ef1c-4147-8b86-5c31304a4b48.jpg	Mertensia_virginica	40.207139	-79.970743	1917.4	147	235.99	9.38673778747519	8.94888337453206	0.413376162449519
e805255f-5322-4d94-b189-4dc8dcd6d44a	Mertensia_virginica_e805255f-5322-4d94-b189-4dc8dcd6d44a.jpg	Mertensia_virginica	38.347627	-78.920583	1967.27945205479	103	359.64	11.3910258598626	11.3080510695775	3.49995150168737
e930db55-9a1f-4d6a-bf20-d8053c34d5c1	Mertensia_virginica_e930db55-9a1f-4d6a-bf20-d8053c34d5c1.jpg	Mertensia_virginica	40.335685	-75.447374	1919.27945205479	103	66.03	11.1638926491141	10.5004377365112	2.30051203568776
e967a762-9eab-4146-82d6-f82b0951e6ac	Mertensia_virginica_e967a762-9eab-4146-82d6-f82b0951e6ac.jpg	Mertensia_virginica	40.525276	-80.23931	1900.38082191781	140	308.76	10.597724451373	8.37668228149414	-1.51635833581289
e97143e6-a315-4f42-8907-d27b9a41c9df	Mertensia_virginica_e97143e6-a315-4f42-8907-d27b9a41c9df.jpg	Mertensia_virginica	40.074444	-75.607222	2007.3095890411	114	137.23	12.0915784724057	10.7021991809209	1.30830446879069
ea6e6572-6ec8-43e4-9c5c-eac606f0e053	Mertensia_virginica_ea6e6572-6ec8-43e4-9c5c-eac606f0e053.jpg	Mertensia_virginica	39.871064	-75.595649	1931.33150684932	122	46.17	12.6798798379799	10.1610084672769	1.76895093917847
ea910e31-9d0f-4f5b-8273-c181c232e97a	Mertensia_virginica_ea910e31-9d0f-4f5b-8273-c181c232e97a.jpg	Mertensia_virginica	39.04502	-76.788666	2016.29781420765	110	24.22	13.745980343471	12.7485470076402	4.16952424744765
eb3a0a65-2b4e-49a0-a775-3dc0fd6dbbf2	Mertensia_virginica_eb3a0a65-2b4e-49a0-a775-3dc0fd6dbbf2.jpg	Mertensia_virginica	39.796892	-86.951044	1910.27123287671	100	207.04	10.321064700683	11.5115022559961	1.21707955996195
ecaf029e-d626-48b9-bc5a-68faf280bd63	Mertensia_virginica_ecaf029e-d626-48b9-bc5a-68faf280bd63.jpg	Mertensia_virginica	41.956192	-75.596738	1947.39178082192	144	294.88	7.29635716726383	5.30870352188746	-3.94763848185539
eced1c6b-339e-417c-85c9-70fc7670af7a	Mertensia_virginica_eced1c6b-339e-417c-85c9-70fc7670af7a.jpg	Mertensia_virginica	39.444444	-87.360278	2006.29315068493	108	157.02	13.2211237587035	12.7408109903336	4.02486011385918
ed29df93-c1b2-4cc4-8cdc-75bfe8cce3cd	Mertensia_virginica_ed29df93-c1b2-4cc4-8cdc-75bfe8cce3cd.jpg	Mertensia_virginica	39.075556	-77.98	2005.37534246575	138	137.83	12.793534686168	10.5987076163292	2.68359384934107
ed78b21d-5e7f-4e63-8406-c083aaa9e76c	Mertensia_virginica_ed78b21d-5e7f-4e63-8406-c083aaa9e76c.jpg	Mertensia_virginica	38.840512	-78.330349	2002.27671232877	102	169.04	12.6042395445208	11.7873145739237	4.50123514731725
f0d5d8d2-52b2-49cb-8d08-4e8f8d686e7a	Mertensia_virginica_f0d5d8d2-52b2-49cb-8d08-4e8f8d686e7a.jpg	Mertensia_virginica	39.436799	-77.787612	1982.29315068493	108	125.44	12.1058438044662	11.7056602028509	1.10867732639114
f2a9df89-6000-4977-b6b7-1c3e63012d5a	Mertensia_virginica_f2a9df89-6000-4977-b6b7-1c3e63012d5a.jpg	Mertensia_virginica	40.32899	-75.451011	1886.31506849315	116	61.99	10.0828565458457	9.99200786153475	-0.865917136271795
f2dcfe2a-eb1b-4109-b05a-03463352edfb	Mertensia_virginica_f2dcfe2a-eb1b-4109-b05a-03463352edfb.jpg	Mertensia_virginica	39.351287	-76.755031	1925.28219178082	104	143.79	11.8651917949319	11.1579232215881	2.86820641160011
f445b72f-0417-4c44-a86c-2d5f4681ca8a	Mertensia_virginica_f445b72f-0417-4c44-a86c-2d5f4681ca8a.jpg	Mertensia_virginica	39.336318	-86.743623	1950.30410958904	112	170.46	10.7001921534538	9.7937059601148	2.25446490446726
f46bfca5-29f8-45c9-96c2-2719a46da626	Mertensia_virginica_f46bfca5-29f8-45c9-96c2-2719a46da626.jpg	Mertensia_virginica	39.952856	-80.481566	1941.32876712329	121	267.47	10.6649017011126	9.2348273396492	-1.64309936761856
f47d0f7c-7641-422f-b87b-3a0afa99c4a2	Mertensia_virginica_f47d0f7c-7641-422f-b87b-3a0afa99c4a2.jpg	Mertensia_virginica	38.413137	-87.690991	1917.34246575342	126	153.47	11.2850263367097	11.4176970720291	2.47774803638458
f5144be8-4cb6-4487-ac6e-ac301a0373dd	Mertensia_virginica_f5144be8-4cb6-4487-ac6e-ac301a0373dd.jpg	Mertensia_virginica	40.048294	-78.393263	1941.3095890411	114	356.28	9.8858260139823	8.88615087668101	-2.51011640826861
f5a99027-55b3-413c-9b4f-6fa5c3f72258	Mertensia_virginica_f5a99027-55b3-413c-9b4f-6fa5c3f72258.jpg	Mertensia_virginica	39.36427	-75.901743	1961.28493150685	105	-0.69	12.4805176500231	10.8396822611491	2.00362291435401
f5c6798b-4a04-40f7-80a4-69c0c158a958	Mertensia_virginica_f5c6798b-4a04-40f7-80a4-69c0c158a958.jpg	Mertensia_virginica	33.96966667	-86.176	2003.23835616438	88	171.13	16.1469869663318	16.7702049215635	7.84872693816821
f5f879c6-788b-4256-bc85-9b873b6a56f5	Mertensia_virginica_f5f879c6-788b-4256-bc85-9b873b6a56f5.jpg	Mertensia_virginica	40.17455	-74.951119	1948.25683060109	95	40.9	11.7244369772573	10.9960207343102	0.581225683291753
f749f367-c41b-4e8e-a765-41a4bac25261	Mertensia_virginica_f749f367-c41b-4e8e-a765-41a4bac25261.jpg	Mertensia_virginica	40.129507	-74.96856	1921.27123287671	100	51.84	12.9268135552605	13.5260703464349	4.46881875395775
f769506d-e27c-48fa-b9a1-13d133af8638	Mertensia_virginica_f769506d-e27c-48fa-b9a1-13d133af8638.jpg	Mertensia_virginica	39.960664	-75.605488	1894.32054794521	118	137.3	11.8251216771702	11.4096425076326	2.63310066858927
f789dd64-f1d6-429d-9858-f6db21b622f9	Mertensia_virginica_f789dd64-f1d6-429d-9858-f6db21b622f9.jpg	Mertensia_virginica	39.971791	-80.455476	1978.36438356164	134	306.02	9.65550786008438	8.89421657721202	-3.40224931637446
f7a20ea4-74a8-49c8-b5df-2a5a2fcd6261	Mertensia_virginica_f7a20ea4-74a8-49c8-b5df-2a5a2fcd6261.jpg	Mertensia_virginica	39.0077	-85.603833	1912.32240437158	119	214.42	10.7652721535414	11.0261521339417	-3.2075469493866
f800d1de-1afd-401e-91dd-0aafd3943552	Mertensia_virginica_f800d1de-1afd-401e-91dd-0aafd3943552.jpg	Mertensia_virginica	40.25262	-75.024531	1907.3698630137	136	41.93	9.66082879528403	8.2418417930603	-0.426845550537109
f8a7407d-b85b-4c9c-8b6d-9a0f9844bbcb	Mertensia_virginica_f8a7407d-b85b-4c9c-8b6d-9a0f9844bbcb.jpg	Mertensia_virginica	38.572364	-88.094993	1969.27945205479	103	132.57	12.2725234205524	11.7598438759645	1.50516195098559
f9f50af7-88cd-45da-b707-85c98e06e036	Mertensia_virginica_f9f50af7-88cd-45da-b707-85c98e06e036.jpg	Mertensia_virginica	40.430748	-76.113622	1953.32328767123	119	90.88	11.7877660232286	10.6308694680532	2.62707380453746
fa8d3662-5bad-47ca-8d38-688e08e60159	Mertensia_virginica_fa8d3662-5bad-47ca-8d38-688e08e60159.jpg	Mertensia_virginica	39.791501	-75.639652	1893.34520547945	127	59.69	10.518943047151	9.49016722043355	-1.22936467329661
fad4a52f-5080-485b-b7c3-4ae9eab2c188	Mertensia_virginica_fad4a52f-5080-485b-b7c3-4ae9eab2c188.jpg	Mertensia_virginica	38.437336	-86.050718	1991.24383561644	90	220.65	14.0478244200349	15.0307783683141	4.10611142714818
fbc41e3f-5691-4a68-b036-fb0bdeb7a04f	Mertensia_virginica_fbc41e3f-5691-4a68-b036-fb0bdeb7a04f.jpg	Mertensia_virginica	38.251451	-78.38905	1949.32602739726	120	219.78	12.929902403305	11.4057302027941	5.75997296969096
fbf6ee47-67d9-4e95-ae1b-684e2e860236	Mertensia_virginica_fbf6ee47-67d9-4e95-ae1b-684e2e860236.jpg	Mertensia_virginica	39.960093	-87.345232	1953.27671232877	102	170.74	12.4608001460632	10.899812579155	2.6463099916776
fc977f1b-8f7c-425a-836d-5f5c1f01fbd0	Mertensia_virginica_fc977f1b-8f7c-425a-836d-5f5c1f01fbd0.jpg	Mertensia_virginica	40.510993	-80.218649	1901.34520547945	127	352.66	9.49477954767644	8.67778294036786	-1.45671583463748
fe22428f-e380-4eba-b845-e6902cc03456	Mertensia_virginica_fe22428f-e380-4eba-b845-e6902cc03456.jpg	Mertensia_virginica	39.791501	-75.639652	1866.29863013699	110	59.69	11.069703374058	10.1638842026393	0.204251090685527
fe81d7ca-ab6a-43cb-889f-6b7790adb05b	Mertensia_virginica_fe81d7ca-ab6a-43cb-889f-6b7790adb05b.jpg	Mertensia_virginica	38.139687	-86.814072	1955.29589041096	109	159.08	13.6725726497049	14.6543515721957	3.64415666957696
fe8b6a86-63f8-48fd-bc3c-054e13410417	Mertensia_virginica_fe8b6a86-63f8-48fd-bc3c-054e13410417.jpg	Mertensia_virginica	39.0730111	-77.3215611	1977.26849315068	99	93.36	12.792975222071	14.1273866494497	2.15544112523397
fedb5cdf-55ae-4914-bef5-974540e5760d	Mertensia_virginica_fedb5cdf-55ae-4914-bef5-974540e5760d.jpg	Mertensia_virginica	35.728142	-83.81323	1951.26849315068	99	281.09	13.6470659983655	12.7522584001223	5.96015022198359
fefb63b2-0b1c-4829-9677-026d360022ca	Mertensia_virginica_fefb63b2-0b1c-4829-9677-026d360022ca.jpg	Mertensia_virginica	36.58813	-78.897781	1974.21917808219	81	100.32	14.5053847959886	14.7132383907835	8.29799890518188
